id_en	text_clean	shuffled_candidates_json	discriminator_run2_borda_method	discriminator_run2_internal_weights_json	discriminator_run2_model_weights_json	discriminator_run2_borda_scores_json	discriminator_run2_borda_ranking_json	discriminator_run2_winner_id	discriminator_run2_winner_source	discriminator_run2_winner_original_id	discriminator_run2_winner_pun	discriminator_run2_winner_score	discriminator_run2_borda_error	discriminator_run2_borda_version
3301	The star asked the sun why the moon was always up so late. Sun responded that it was just a phase.	"[{""source"":""gpt_single"",""original_id"":"""",""pun"":""Quand l’étoile demanda pourquoi la Lune traînait dehors si tard, le Soleil répondit : « T’inquiète, c’est juste une phase. »"",""id"":81982},{""source"":""claude"",""original_id"":""91515"",""pun"":""La lune a demandé au soleil pourquoi elle se couchait si tard. Il a répondu : 'C'est juste une phase.' Elle a répliqué : 'Toi, t'as un astre problème !'"",""id"":41020},{""source"":""gemini_pro_single"",""original_id"":"""",""pun"":""Quand l'étoile demande au Soleil pourquoi la Lune se couche si tard, il soupire : « Ce n'est qu'une phase. »"",""id"":20769},{""source"":""gemini"",""original_id"":""26214"",""pun"":""Pourquoi Saturne ne se marie-t-1 pas ? Parce qu'elle a déjà trop de bagues."",""id"":65861}]"	pooled_rankings	"{""comedian"":0.0,""pun_expert"":0.0,""editor"":0.0,""translator"":100.0}"	"{""claude"":25.0,""gemini_pro"":25.0,""gpt"":25.0}"	"{""81982"":27500.0,""20769"":25000.0,""41020"":15000.0,""65861"":7500.0}"	"[{""id"":81982,""source"":""gpt_single"",""original_id"":"""",""score"":27500.0,""pun"":""Quand l’étoile demanda pourquoi la Lune traînait dehors si tard, le Soleil répondit : « T’inquiète, c’est juste une phase. »""},{""id"":20769,""source"":""gemini_pro_single"",""original_id"":"""",""score"":25000.0,""pun"":""Quand l'étoile demande au Soleil pourquoi la Lune se couche si tard, il soupire : « Ce n'est qu'une phase. »""},{""id"":41020,""source"":""claude"",""original_id"":""91515"",""score"":15000.0,""pun"":""La lune a demandé au soleil pourquoi elle se couchait si tard. Il a répondu : 'C'est juste une phase.' Elle a répliqué : 'Toi, t'as un astre problème !'""},{""id"":65861,""source"":""gemini"",""original_id"":""26214"",""score"":7500.0,""pun"":""Pourquoi Saturne ne se marie-t-1 pas ? Parce qu'elle a déjà trop de bagues.""}]"	81982	gpt_single		Quand l’étoile demanda pourquoi la Lune traînait dehors si tard, le Soleil répondit : « T’inquiète, c’est juste une phase. »	27500.0		discriminator_run2_v4
3302	The state funeral remains to be seen.	"[{""source"":""gpt_single"",""original_id"":"""",""pun"":""Les obsèques nationales, ça reste à voir — surtout les restes."",""id"":83283},{""source"":""claude"",""original_id"":""19814"",""pun"":""Le défunt était très ponctuel : il est arrivé à temps pour ses funérailles… et il y attend encore."",""id"":11721},{""source"":""gemini_pro_single"",""original_id"":"""",""pun"":""Après le buffet des funérailles, personne n'ose demander s'il y a des restes."",""id"":33742},{""source"":""gemini"",""original_id"":""29637"",""pun"":""Le cercueil était trop petit : le défunt s'est retrouvé dans une bière pression."",""id"":77688}]"	pooled_rankings	"{""comedian"":0.0,""pun_expert"":0.0,""editor"":0.0,""translator"":100.0}"	"{""claude"":25.0,""gemini_pro"":25.0,""gpt"":25.0}"	"{""83283"":30000.0,""33742"":22500.0,""11721"":12500.0,""77688"":10000.0}"	"[{""id"":83283,""source"":""gpt_single"",""original_id"":"""",""score"":30000.0,""pun"":""Les obsèques nationales, ça reste à voir — surtout les restes.""},{""id"":33742,""source"":""gemini_pro_single"",""original_id"":"""",""score"":22500.0,""pun"":""Après le buffet des funérailles, personne n'ose demander s'il y a des restes.""},{""id"":11721,""source"":""claude"",""original_id"":""19814"",""score"":12500.0,""pun"":""Le défunt était très ponctuel : il est arrivé à temps pour ses funérailles… et il y attend encore.""},{""id"":77688,""source"":""gemini"",""original_id"":""29637"",""score"":10000.0,""pun"":""Le cercueil était trop petit : le défunt s'est retrouvé dans une bière pression.""}]"	83283	gpt_single		Les obsèques nationales, ça reste à voir — surtout les restes.	30000.0		discriminator_run2_v4
3303	The steward refused to swallow the harsh whine of the petulant cabernet peddler.	"[{""source"":""gpt_single"",""original_id"":"""",""pun"":""Le sommelier a recraché le cabernet du vendeur capricieux : trop de « ouin », pas assez de vin."",""id"":78301},{""source"":""gemini_pro_single"",""original_id"":"""",""pun"":""Le sommelier a refusé d'écouter les jérémiades du client sur son cabernet : il se plaignait en vin."",""id"":91233},{""source"":""claude"",""original_id"":""59454"",""pun"":""Le serveur a refusé de subir les jérémiades du client : il en avait plein le verre."",""id"":44785},{""source"":""gemini"",""original_id"":""76426"",""pun"":""C'est un vin très poétique : on le boit vers par vers."",""id"":75872}]"	pooled_rankings	"{""comedian"":0.0,""pun_expert"":0.0,""editor"":0.0,""translator"":100.0}"	"{""claude"":25.0,""gemini_pro"":25.0,""gpt"":25.0}"	"{""78301"":27500.0,""91233"":25000.0,""44785"":15000.0,""75872"":7500.0}"	"[{""id"":78301,""source"":""gpt_single"",""original_id"":"""",""score"":27500.0,""pun"":""Le sommelier a recraché le cabernet du vendeur capricieux : trop de « ouin », pas assez de vin.""},{""id"":91233,""source"":""gemini_pro_single"",""original_id"":"""",""score"":25000.0,""pun"":""Le sommelier a refusé d'écouter les jérémiades du client sur son cabernet : il se plaignait en vin.""},{""id"":44785,""source"":""claude"",""original_id"":""59454"",""score"":15000.0,""pun"":""Le serveur a refusé de subir les jérémiades du client : il en avait plein le verre.""},{""id"":75872,""source"":""gemini"",""original_id"":""76426"",""score"":7500.0,""pun"":""C'est un vin très poétique : on le boit vers par vers.""}]"	78301	gpt_single		Le sommelier a recraché le cabernet du vendeur capricieux : trop de « ouin », pas assez de vin.	27500.0		discriminator_run2_v4
3304	The stock market crashes, but Viagra beats the flop.	"[{""source"":""claude"",""original_id"":""96046"",""pun"":""Krach boursier : tout s'effondre sauf les actions Viagra, qui restent bien fermes."",""id"":53765},{""source"":""gemini_pro_single"",""original_id"":"""",""pun"":""La Bourse s'effondre, mais le Viagra reste le meilleur plan de redressement."",""id"":11159},{""source"":""gpt_single"",""original_id"":"""",""pun"":""Quand la Bourse est en berne, le Viagra fait remonter le cours."",""id"":81799},{""source"":""gemini"",""original_id"":""98594"",""pun"":""En pleine récession, le Viagra est la seule action qui reste ferme."",""id"":89364}]"	pooled_rankings	"{""comedian"":0.0,""pun_expert"":0.0,""editor"":0.0,""translator"":100.0}"	"{""claude"":25.0,""gemini_pro"":25.0,""gpt"":25.0}"	"{""11159"":22500.0,""53765"":22500.0,""81799"":20000.0,""89364"":10000.0}"	"[{""id"":11159,""source"":""gemini_pro_single"",""original_id"":"""",""score"":22500.0,""pun"":""La Bourse s'effondre, mais le Viagra reste le meilleur plan de redressement.""},{""id"":53765,""source"":""claude"",""original_id"":""96046"",""score"":22500.0,""pun"":""Krach boursier : tout s'effondre sauf les actions Viagra, qui restent bien fermes.""},{""id"":81799,""source"":""gpt_single"",""original_id"":"""",""score"":20000.0,""pun"":""Quand la Bourse est en berne, le Viagra fait remonter le cours.""},{""id"":89364,""source"":""gemini"",""original_id"":""98594"",""score"":10000.0,""pun"":""En pleine récession, le Viagra est la seule action qui reste ferme.""}]"	11159	gemini_pro_single		La Bourse s'effondre, mais le Viagra reste le meilleur plan de redressement.	22500.0		discriminator_run2_v4
3305	The store clerk lost his job, so he set up a kiosk in the mall to vend for himself.	"[{""source"":""gemini"",""original_id"":""85573"",""pun"":""Le vendeur de montres a été viré, il n'a plus une seconde à perdre pour se refaire."",""id"":94933},{""source"":""gpt_single"",""original_id"":"""",""pun"":""Viré du magasin, le vendeur a ouvert un stand : pour se défendre, il a choisi de se vendre."",""id"":77688},{""source"":""gemini_pro_single"",""original_id"":"""",""pun"":""Après son licenciement, le commis a ouvert son propre kiosque : désormais, pour survivre, il ne doit plus seulement se défendre, il doit se vendre par lui-même."",""id"":66332},{""source"":""claude"",""original_id"":""25360"",""pun"":""Renvoyé du magasin, il a ouvert un stand en solitaire. Après tout, mieux vaut se vendre que se rendre !"",""id"":58089}]"	pooled_rankings	"{""comedian"":0.0,""pun_expert"":0.0,""editor"":0.0,""translator"":100.0}"	"{""claude"":25.0,""gemini_pro"":25.0,""gpt"":25.0}"	"{""77688"":27500.0,""58089"":22500.0,""66332"":15000.0,""94933"":10000.0}"	"[{""id"":77688,""source"":""gpt_single"",""original_id"":"""",""score"":27500.0,""pun"":""Viré du magasin, le vendeur a ouvert un stand : pour se défendre, il a choisi de se vendre.""},{""id"":58089,""source"":""claude"",""original_id"":""25360"",""score"":22500.0,""pun"":""Renvoyé du magasin, il a ouvert un stand en solitaire. Après tout, mieux vaut se vendre que se rendre !""},{""id"":66332,""source"":""gemini_pro_single"",""original_id"":"""",""score"":15000.0,""pun"":""Après son licenciement, le commis a ouvert son propre kiosque : désormais, pour survivre, il ne doit plus seulement se défendre, il doit se vendre par lui-même.""},{""id"":94933,""source"":""gemini"",""original_id"":""85573"",""score"":10000.0,""pun"":""Le vendeur de montres a été viré, il n'a plus une seconde à perdre pour se refaire.""}]"	77688	gpt_single		Viré du magasin, le vendeur a ouvert un stand : pour se défendre, il a choisi de se vendre.	27500.0		discriminator_run2_v4
3306	The stress of having his beloved pet bunny die caused a man to go bald. he was very upset about losing his hare.	"[{""source"":""claude"",""original_id"":""38778"",""pun"":""Quand son lapin est mort, il a perdu ses cheveux de chagrin. On peut dire qu'il a vraiment posé un lapin à sa chevelure."",""id"":77036},{""source"":""gpt_single"",""original_id"":"""",""pun"":""Depuis que son lièvre est mort, il n’arrive plus à reprendre du poil de la bête : il a tout perdu sur le crâne."",""id"":15021},{""source"":""gemini"",""original_id"":""19882"",""pun"":""Il est tellement triste pour son lapin qu'il s'est arraché les cheveux : c'est l'alapincie."",""id"":97843},{""source"":""gemini_pro_single"",""original_id"":"""",""pun"":""Depuis le décès de son petit poney, cet homme est devenu presque chauve de chagrin : le stress lui a fait perdre tous ses chevaux."",""id"":78538}]"	pooled_rankings	"{""comedian"":0.0,""pun_expert"":0.0,""editor"":0.0,""translator"":100.0}"	"{""claude"":25.0,""gemini_pro"":25.0,""gpt"":25.0}"	"{""78538"":27500.0,""97843"":20000.0,""15021"":17500.0,""77036"":10000.0}"	"[{""id"":78538,""source"":""gemini_pro_single"",""original_id"":"""",""score"":27500.0,""pun"":""Depuis le décès de son petit poney, cet homme est devenu presque chauve de chagrin : le stress lui a fait perdre tous ses chevaux.""},{""id"":97843,""source"":""gemini"",""original_id"":""19882"",""score"":20000.0,""pun"":""Il est tellement triste pour son lapin qu'il s'est arraché les cheveux : c'est l'alapincie.""},{""id"":15021,""source"":""gpt_single"",""original_id"":"""",""score"":17500.0,""pun"":""Depuis que son lièvre est mort, il n’arrive plus à reprendre du poil de la bête : il a tout perdu sur le crâne.""},{""id"":77036,""source"":""claude"",""original_id"":""38778"",""score"":10000.0,""pun"":""Quand son lapin est mort, il a perdu ses cheveux de chagrin. On peut dire qu'il a vraiment posé un lapin à sa chevelure.""}]"	78538	gemini_pro_single		Depuis le décès de son petit poney, cet homme est devenu presque chauve de chagrin : le stress lui a fait perdre tous ses chevaux.	27500.0		discriminator_run2_v4
3307	The student had such a big assignment, he had to burn his kindle at both ends.	"[{""source"":""gemini_pro_single"",""original_id"":"""",""pun"":""L'étudiant avait une telle montagne de devoirs qu'il a dû brûler son Kindle par les deux bouts."",""id"":47795},{""source"":""gpt_single"",""original_id"":"""",""pun"":""Le devoir était si énorme qu’il a dû brûler sa liseuse par les deux bouts."",""id"":43420},{""source"":""gemini"",""original_id"":""77003"",""pun"":""Son mémoire était si long qu'il a dû brûler sa liseuse par les deux bouts."",""id"":43755},{""source"":""claude"",""original_id"":""97906"",""pun"":""L'étudiant avait un devoir tellement énorme qu'il a dû brûler sa liseuse des deux côtés."",""id"":99454}]"	pooled_rankings	"{""comedian"":0.0,""pun_expert"":0.0,""editor"":0.0,""translator"":100.0}"	"{""claude"":25.0,""gemini_pro"":25.0,""gpt"":25.0}"	"{""47795"":27500.0,""43420"":25000.0,""43755"":12500.0,""99454"":10000.0}"	"[{""id"":47795,""source"":""gemini_pro_single"",""original_id"":"""",""score"":27500.0,""pun"":""L'étudiant avait une telle montagne de devoirs qu'il a dû brûler son Kindle par les deux bouts.""},{""id"":43420,""source"":""gpt_single"",""original_id"":"""",""score"":25000.0,""pun"":""Le devoir était si énorme qu’il a dû brûler sa liseuse par les deux bouts.""},{""id"":43755,""source"":""gemini"",""original_id"":""77003"",""score"":12500.0,""pun"":""Son mémoire était si long qu'il a dû brûler sa liseuse par les deux bouts.""},{""id"":99454,""source"":""claude"",""original_id"":""97906"",""score"":10000.0,""pun"":""L'étudiant avait un devoir tellement énorme qu'il a dû brûler sa liseuse des deux côtés.""}]"	47795	gemini_pro_single		L'étudiant avait une telle montagne de devoirs qu'il a dû brûler son Kindle par les deux bouts.	27500.0		discriminator_run2_v4
3308	The study of ancient symbols will lead you to rune.	"[{""source"":""gpt_single"",""original_id"":"""",""pun"":""À force d’étudier les runes, il a fini en ruine."",""id"":92179},{""source"":""gemini"",""original_id"":""50403"",""pun"":""Le spécialiste des hiéroglyphes a pris sa retraite car il ne voyait plus de signe d'amélioration."",""id"":94989},{""source"":""gemini_pro_single"",""original_id"":"""",""pun"":""L'étude des symboles vikings mène tout droit à la rune."",""id"":84410},{""source"":""claude"",""original_id"":""49159"",""pun"":""Mon prof d'archéologie dit que les runes mènent à la ruine. Il avait raison : j'ai raté mon exam."",""id"":15943}]"	pooled_rankings	"{""comedian"":0.0,""pun_expert"":0.0,""editor"":0.0,""translator"":100.0}"	"{""claude"":25.0,""gemini_pro"":25.0,""gpt"":25.0}"	"{""84410"":22500.0,""92179"":22500.0,""15943"":20000.0,""94989"":10000.0}"	"[{""id"":84410,""source"":""gemini_pro_single"",""original_id"":"""",""score"":22500.0,""pun"":""L'étude des symboles vikings mène tout droit à la rune.""},{""id"":92179,""source"":""gpt_single"",""original_id"":"""",""score"":22500.0,""pun"":""À force d’étudier les runes, il a fini en ruine.""},{""id"":15943,""source"":""claude"",""original_id"":""49159"",""score"":20000.0,""pun"":""Mon prof d'archéologie dit que les runes mènent à la ruine. Il avait raison : j'ai raté mon exam.""},{""id"":94989,""source"":""gemini"",""original_id"":""50403"",""score"":10000.0,""pun"":""Le spécialiste des hiéroglyphes a pris sa retraite car il ne voyait plus de signe d'amélioration.""}]"	84410	gemini_pro_single		L'étude des symboles vikings mène tout droit à la rune.	22500.0		discriminator_run2_v4
3309	The sun was bright on a dry, cloudless morning, but later it waned.	"[{""source"":""gpt_single"",""original_id"":"""",""pun"":""Ce matin, le soleil tapait fort dans un ciel sec ; puis l’après-midi, il a faibli… enfin, il a fait pluie."",""id"":57856},{""source"":""gemini"",""original_id"":""51216"",""pun"":""Ce matin le soleil brillait, mais l'après-midi, il a beaucoup plu... à tout le monde."",""id"":32558},{""source"":""claude"",""original_id"":""82926"",""pun"":""Le soleil brillait, sans un nuage. Puis il a décru. Comme mon enthousiasme à l'annonce d'un team-building."",""id"":43747},{""source"":""gemini_pro_single"",""original_id"":"""",""pun"":""Le soleil rayonnait ce matin, mais il a vite jeté l'éponge... et on a fini rincés !"",""id"":71800}]"	pooled_rankings	"{""comedian"":0.0,""pun_expert"":0.0,""editor"":0.0,""translator"":100.0}"	"{""claude"":25.0,""gemini_pro"":25.0,""gpt"":25.0}"	"{""57856"":30000.0,""32558"":22500.0,""71800"":15000.0,""43747"":7500.0}"	"[{""id"":57856,""source"":""gpt_single"",""original_id"":"""",""score"":30000.0,""pun"":""Ce matin, le soleil tapait fort dans un ciel sec ; puis l’après-midi, il a faibli… enfin, il a fait pluie.""},{""id"":32558,""source"":""gemini"",""original_id"":""51216"",""score"":22500.0,""pun"":""Ce matin le soleil brillait, mais l'après-midi, il a beaucoup plu... à tout le monde.""},{""id"":71800,""source"":""gemini_pro_single"",""original_id"":"""",""score"":15000.0,""pun"":""Le soleil rayonnait ce matin, mais il a vite jeté l'éponge... et on a fini rincés !""},{""id"":43747,""source"":""claude"",""original_id"":""82926"",""score"":7500.0,""pun"":""Le soleil brillait, sans un nuage. Puis il a décru. Comme mon enthousiasme à l'annonce d'un team-building.""}]"	57856	gpt_single		Ce matin, le soleil tapait fort dans un ciel sec ; puis l’après-midi, il a faibli… enfin, il a fait pluie.	30000.0		discriminator_run2_v4
3310	The surest steps to happiness are the steps to church.	"[{""source"":""gemini_pro_single"",""original_id"":"""",""pun"":""La meilleure marche à suivre vers le bonheur, c'est de gravir les marches de l'église."",""id"":71616},{""source"":""claude"",""original_id"":""29174"",""pun"":""Le chemin le plus sûr vers le bonheur ? La marche à suivre… jusqu'à l'église."",""id"":93847},{""source"":""gemini"",""original_id"":""27584"",""pun"":""À force de monter les marches du temple, on finit par avoir une foi d'allure."",""id"":69108},{""source"":""gpt_single"",""original_id"":"""",""pun"":""Pour être heureux, fais des pas très catholiques : ceux qui te mènent à l’église."",""id"":35800}]"	pooled_rankings	"{""comedian"":0.0,""pun_expert"":0.0,""editor"":0.0,""translator"":100.0}"	"{""claude"":25.0,""gemini_pro"":25.0,""gpt"":25.0}"	"{""71616"":30000.0,""93847"":22500.0,""35800"":15000.0,""69108"":7500.0}"	"[{""id"":71616,""source"":""gemini_pro_single"",""original_id"":"""",""score"":30000.0,""pun"":""La meilleure marche à suivre vers le bonheur, c'est de gravir les marches de l'église.""},{""id"":93847,""source"":""claude"",""original_id"":""29174"",""score"":22500.0,""pun"":""Le chemin le plus sûr vers le bonheur ? La marche à suivre… jusqu'à l'église.""},{""id"":35800,""source"":""gpt_single"",""original_id"":"""",""score"":15000.0,""pun"":""Pour être heureux, fais des pas très catholiques : ceux qui te mènent à l’église.""},{""id"":69108,""source"":""gemini"",""original_id"":""27584"",""score"":7500.0,""pun"":""À force de monter les marches du temple, on finit par avoir une foi d'allure.""}]"	71616	gemini_pro_single		La meilleure marche à suivre vers le bonheur, c'est de gravir les marches de l'église.	30000.0		discriminator_run2_v4
3311	The surgeon really did not know how to perform quick surgeries on insects, but he did one on the fly.	"[{""source"":""claude"",""original_id"":""63501"",""pun"":""Le chirurgien n'avait jamais opéré une mouche, mais il s'en est sorti — il a tout fait au vol."",""id"":13056},{""source"":""gemini_pro_single"",""original_id"":"""",""pun"":""Le chirurgien ne savait pas trop comment opérer cet insecte, alors il l'a fait à la volée."",""id"":35878},{""source"":""gpt_single"",""original_id"":"""",""pun"":""Le chirurgien ne savait pas opérer une mouche, alors il a improvisé : il l’a faite à la volée."",""id"":17633},{""source"":""gemini"",""original_id"":""26393"",""pun"":""Le chirurgien des insectes a fait fortune : il a réussi à faire mouche."",""id"":99008}]"	pooled_rankings	"{""comedian"":0.0,""pun_expert"":0.0,""editor"":0.0,""translator"":100.0}"	"{""claude"":25.0,""gemini_pro"":25.0,""gpt"":25.0}"	"{""35878"":25000.0,""17633"":22500.0,""13056"":20000.0,""99008"":7500.0}"	"[{""id"":35878,""source"":""gemini_pro_single"",""original_id"":"""",""score"":25000.0,""pun"":""Le chirurgien ne savait pas trop comment opérer cet insecte, alors il l'a fait à la volée.""},{""id"":17633,""source"":""gpt_single"",""original_id"":"""",""score"":22500.0,""pun"":""Le chirurgien ne savait pas opérer une mouche, alors il a improvisé : il l’a faite à la volée.""},{""id"":13056,""source"":""claude"",""original_id"":""63501"",""score"":20000.0,""pun"":""Le chirurgien n'avait jamais opéré une mouche, mais il s'en est sorti — il a tout fait au vol.""},{""id"":99008,""source"":""gemini"",""original_id"":""26393"",""score"":7500.0,""pun"":""Le chirurgien des insectes a fait fortune : il a réussi à faire mouche.""}]"	35878	gemini_pro_single		Le chirurgien ne savait pas trop comment opérer cet insecte, alors il l'a fait à la volée.	25000.0		discriminator_run2_v4
3312	The survival rate after a fall into a deep hole is abyssmal.	"[{""source"":""claude"",""original_id"":""62588"",""pun"":""Le taux de survie après une chute dans un gouffre est abyssal... et le reste l'est aussi."",""id"":35601},{""source"":""gemini"",""original_id"":""34155"",""pun"":""Il a survécu à une chute de 30 mètres dans un trou, c'est un homme de profonde valeur."",""id"":22327},{""source"":""gpt_single"",""original_id"":"""",""pun"":""Après une chute dans un gouffre, le taux de survie est abyssal : il touche le fond."",""id"":76696},{""source"":""gemini_pro_single"",""original_id"":"""",""pun"":""Le taux de survie après une chute dans un gouffre est abyssal."",""id"":15302}]"	pooled_rankings	"{""comedian"":0.0,""pun_expert"":0.0,""editor"":0.0,""translator"":100.0}"	"{""claude"":25.0,""gemini_pro"":25.0,""gpt"":25.0}"	"{""15302"":25000.0,""76696"":25000.0,""35601"":17500.0,""22327"":7500.0}"	"[{""id"":15302,""source"":""gemini_pro_single"",""original_id"":"""",""score"":25000.0,""pun"":""Le taux de survie après une chute dans un gouffre est abyssal.""},{""id"":76696,""source"":""gpt_single"",""original_id"":"""",""score"":25000.0,""pun"":""Après une chute dans un gouffre, le taux de survie est abyssal : il touche le fond.""},{""id"":35601,""source"":""claude"",""original_id"":""62588"",""score"":17500.0,""pun"":""Le taux de survie après une chute dans un gouffre est abyssal... et le reste l'est aussi.""},{""id"":22327,""source"":""gemini"",""original_id"":""34155"",""score"":7500.0,""pun"":""Il a survécu à une chute de 30 mètres dans un trou, c'est un homme de profonde valeur.""}]"	15302	gemini_pro_single		Le taux de survie après une chute dans un gouffre est abyssal.	25000.0		discriminator_run2_v4
3313	"The suspect ""Sheppard"" was finally taken into custody after authorities caught him on the lam."	"[{""source"":""gemini"",""original_id"":""79465"",""pun"":""Le berger fugitif a été arrêté : il a été trahi par sa propre laine de conduite."",""id"":60490},{""source"":""gpt_single"",""original_id"":"""",""pun"":""Après sa cavale, le suspect Berger, chef d’un anneau criminel, a été arrêté : le Seigneur des Agneaux a fini en garde à vue."",""id"":22389},{""source"":""claude"",""original_id"":""29637"",""pun"":""Le suspect Bélier a tenté de fuir, mais la police l'a eu par les cornes."",""id"":49400},{""source"":""gemini_pro_single"",""original_id"":"""",""pun"":""Le fugitif, un certain Monsieur Berger, a finalement été rattrapé en pleine transhumance."",""id"":62605}]"	pooled_rankings	"{""comedian"":0.0,""pun_expert"":0.0,""editor"":0.0,""translator"":100.0}"	"{""claude"":25.0,""gemini_pro"":25.0,""gpt"":25.0}"	"{""62605"":22500.0,""22389"":17500.0,""49400"":17500.0,""60490"":17500.0}"	"[{""id"":62605,""source"":""gemini_pro_single"",""original_id"":"""",""score"":22500.0,""pun"":""Le fugitif, un certain Monsieur Berger, a finalement été rattrapé en pleine transhumance.""},{""id"":22389,""source"":""gpt_single"",""original_id"":"""",""score"":17500.0,""pun"":""Après sa cavale, le suspect Berger, chef d’un anneau criminel, a été arrêté : le Seigneur des Agneaux a fini en garde à vue.""},{""id"":49400,""source"":""claude"",""original_id"":""29637"",""score"":17500.0,""pun"":""Le suspect Bélier a tenté de fuir, mais la police l'a eu par les cornes.""},{""id"":60490,""source"":""gemini"",""original_id"":""79465"",""score"":17500.0,""pun"":""Le berger fugitif a été arrêté : il a été trahi par sa propre laine de conduite.""}]"	62605	gemini_pro_single		Le fugitif, un certain Monsieur Berger, a finalement été rattrapé en pleine transhumance.	22500.0		discriminator_run2_v4
3314	The sweep got stuck in a cold chimney, which collapsed. He came down with the flue.	"[{""source"":""gpt_single"",""original_id"":"""",""pun"":""Coincé dans un conduit glacé, le ramoneur a fini au lit : c’est la grippe qui l’a conduit."",""id"":71268},{""source"":""gemini"",""original_id"":""44384"",""pun"":""Un virus dans un conduit ? C'est une grippe aviaire, puisque ça passe par le toit."",""id"":72909},{""source"":""gemini_pro_single"",""original_id"":"""",""pun"":""Le ramoneur est resté bloqué dans un conduit glacial : pas étonnant qu'il ait fini grippé !"",""id"":25783},{""source"":""claude"",""original_id"":""76426"",""pun"":""La cheminée s'est effondrée sur le ramoneur. Il a toussé toute la nuit — la maison, elle, avait perdu son foyer, et lui aussi."",""id"":70644}]"	pooled_rankings	"{""comedian"":0.0,""pun_expert"":0.0,""editor"":0.0,""translator"":100.0}"	"{""claude"":25.0,""gemini_pro"":25.0,""gpt"":25.0}"	"{""25783"":30000.0,""71268"":22500.0,""70644"":12500.0,""72909"":10000.0}"	"[{""id"":25783,""source"":""gemini_pro_single"",""original_id"":"""",""score"":30000.0,""pun"":""Le ramoneur est resté bloqué dans un conduit glacial : pas étonnant qu'il ait fini grippé !""},{""id"":71268,""source"":""gpt_single"",""original_id"":"""",""score"":22500.0,""pun"":""Coincé dans un conduit glacé, le ramoneur a fini au lit : c’est la grippe qui l’a conduit.""},{""id"":70644,""source"":""claude"",""original_id"":""76426"",""score"":12500.0,""pun"":""La cheminée s'est effondrée sur le ramoneur. Il a toussé toute la nuit — la maison, elle, avait perdu son foyer, et lui aussi.""},{""id"":72909,""source"":""gemini"",""original_id"":""44384"",""score"":10000.0,""pun"":""Un virus dans un conduit ? C'est une grippe aviaire, puisque ça passe par le toit.""}]"	25783	gemini_pro_single		Le ramoneur est resté bloqué dans un conduit glacial : pas étonnant qu'il ait fini grippé !	30000.0		discriminator_run2_v4
3315	The swollen blood vessels in her legs were very quarrelsome-she had bellicose veins.	"[{""source"":""gemini"",""original_id"":""29432"",""pun"":""Elle souffre de varices belligérantes : c'est un cas grave de veines belliqueuses."",""id"":17835},{""source"":""gemini_pro_single"",""original_id"":"""",""pun"":""Ses jambes enflées étaient d'humeur très querelleuse : elle souffrait de veines belliqueuses."",""id"":78538},{""source"":""claude"",""original_id"":""73376"",""pun"":""Ses varices étaient très belliqueuses — elle avait des veines bellicoses."",""id"":65434},{""source"":""gpt_single"",""original_id"":"""",""pun"":""Ce n’étaient pas des veines variqueuses, c’étaient des veines belliqueuses : elles cherchaient toujours la bagarre."",""id"":55869}]"	pooled_rankings	"{""comedian"":0.0,""pun_expert"":0.0,""editor"":0.0,""translator"":100.0}"	"{""claude"":25.0,""gemini_pro"":25.0,""gpt"":25.0}"	"{""78538"":27500.0,""55869"":25000.0,""17835"":12500.0,""65434"":10000.0}"	"[{""id"":78538,""source"":""gemini_pro_single"",""original_id"":"""",""score"":27500.0,""pun"":""Ses jambes enflées étaient d'humeur très querelleuse : elle souffrait de veines belliqueuses.""},{""id"":55869,""source"":""gpt_single"",""original_id"":"""",""score"":25000.0,""pun"":""Ce n’étaient pas des veines variqueuses, c’étaient des veines belliqueuses : elles cherchaient toujours la bagarre.""},{""id"":17835,""source"":""gemini"",""original_id"":""29432"",""score"":12500.0,""pun"":""Elle souffre de varices belligérantes : c'est un cas grave de veines belliqueuses.""},{""id"":65434,""source"":""claude"",""original_id"":""73376"",""score"":10000.0,""pun"":""Ses varices étaient très belliqueuses — elle avait des veines bellicoses.""}]"	78538	gemini_pro_single		Ses jambes enflées étaient d'humeur très querelleuse : elle souffrait de veines belliqueuses.	27500.0		discriminator_run2_v4
3316	The tale of the haunted refrigerator was chilling.	"[{""source"":""claude"",""original_id"":""81264"",""pun"":""L'histoire du réfrigérateur hanté était vraiment glaciale."",""id"":49393},{""source"":""gemini_pro_single"",""original_id"":"""",""pun"":""L'histoire du frigo hanté est vraiment glaçante."",""id"":81847},{""source"":""gemini"",""original_id"":""78486"",""pun"":""Si un frigo vous attaque, il faut garder la tête froide."",""id"":91287},{""source"":""gpt_single"",""original_id"":"""",""pun"":""L’histoire du frigo hanté était à vous glacer le sang — et les yaourts."",""id"":48361}]"	pooled_rankings	"{""comedian"":0.0,""pun_expert"":0.0,""editor"":0.0,""translator"":100.0}"	"{""claude"":25.0,""gemini_pro"":25.0,""gpt"":25.0}"	"{""81847"":30000.0,""49393"":20000.0,""48361"":17500.0,""91287"":7500.0}"	"[{""id"":81847,""source"":""gemini_pro_single"",""original_id"":"""",""score"":30000.0,""pun"":""L'histoire du frigo hanté est vraiment glaçante.""},{""id"":49393,""source"":""claude"",""original_id"":""81264"",""score"":20000.0,""pun"":""L'histoire du réfrigérateur hanté était vraiment glaciale.""},{""id"":48361,""source"":""gpt_single"",""original_id"":"""",""score"":17500.0,""pun"":""L’histoire du frigo hanté était à vous glacer le sang — et les yaourts.""},{""id"":91287,""source"":""gemini"",""original_id"":""78486"",""score"":7500.0,""pun"":""Si un frigo vous attaque, il faut garder la tête froide.""}]"	81847	gemini_pro_single		L'histoire du frigo hanté est vraiment glaçante.	30000.0		discriminator_run2_v4
3317	The tea drinker tends to get the most work down because they are full of creativi-TEA	"[{""source"":""gpt_single"",""original_id"":"""",""pun"":""Celui qui carbure au thé abat toujours plus de boulot : il est plein de créati-thé."",""id"":90953},{""source"":""claude"",""original_id"":""53283"",""pun"":""Le buveur de thé est toujours plein de créativi-THÉ !"",""id"":11542},{""source"":""gemini_pro_single"",""original_id"":"""",""pun"":""Si les amateurs d'infusion ont toujours les meilleures idées, c'est parce qu'ils débordent de créativi-thé !"",""id"":79625},{""source"":""gemini"",""original_id"":""18105"",""pun"":""Les amateurs de boisson infusée sont les plus inventifs car ils ont beaucoup de créativi-THÉ."",""id"":29105}]"	pooled_rankings	"{""comedian"":0.0,""pun_expert"":0.0,""editor"":0.0,""translator"":100.0}"	"{""claude"":25.0,""gemini_pro"":25.0,""gpt"":25.0}"	"{""79625"":22500.0,""90953"":22500.0,""11542"":17500.0,""29105"":12500.0}"	"[{""id"":79625,""source"":""gemini_pro_single"",""original_id"":"""",""score"":22500.0,""pun"":""Si les amateurs d'infusion ont toujours les meilleures idées, c'est parce qu'ils débordent de créativi-thé !""},{""id"":90953,""source"":""gpt_single"",""original_id"":"""",""score"":22500.0,""pun"":""Celui qui carbure au thé abat toujours plus de boulot : il est plein de créati-thé.""},{""id"":11542,""source"":""claude"",""original_id"":""53283"",""score"":17500.0,""pun"":""Le buveur de thé est toujours plein de créativi-THÉ !""},{""id"":29105,""source"":""gemini"",""original_id"":""18105"",""score"":12500.0,""pun"":""Les amateurs de boisson infusée sont les plus inventifs car ils ont beaucoup de créativi-THÉ.""}]"	79625	gemini_pro_single		Si les amateurs d'infusion ont toujours les meilleures idées, c'est parce qu'ils débordent de créativi-thé !	22500.0		discriminator_run2_v4
3318	The teacher asked a question and the students were all up in arms.	"[{""source"":""gemini_pro_single"",""original_id"":"""",""pun"":""Le prof a posé une question si difficile que toute la classe a baissé les bras."",""id"":93916},{""source"":""gemini"",""original_id"":""65083"",""pun"":""Le masseur a fait une dépression car il en avait plein le dos."",""id"":24704},{""source"":""gpt_single"",""original_id"":"""",""pun"":""Quand la prof a posé sa question, toute la classe a pris les armes… en levant le bras."",""id"":40545},{""source"":""claude"",""original_id"":""59675"",""pun"":""Le professeur a posé une question et tous les élèves ont levé les bras. C'est ce qu'on appelle une révolte armée."",""id"":48358}]"	pooled_rankings	"{""comedian"":0.0,""pun_expert"":0.0,""editor"":0.0,""translator"":100.0}"	"{""claude"":25.0,""gemini_pro"":25.0,""gpt"":25.0}"	"{""48358"":25000.0,""40545"":22500.0,""93916"":20000.0,""24704"":7500.0}"	"[{""id"":48358,""source"":""claude"",""original_id"":""59675"",""score"":25000.0,""pun"":""Le professeur a posé une question et tous les élèves ont levé les bras. C'est ce qu'on appelle une révolte armée.""},{""id"":40545,""source"":""gpt_single"",""original_id"":"""",""score"":22500.0,""pun"":""Quand la prof a posé sa question, toute la classe a pris les armes… en levant le bras.""},{""id"":93916,""source"":""gemini_pro_single"",""original_id"":"""",""score"":20000.0,""pun"":""Le prof a posé une question si difficile que toute la classe a baissé les bras.""},{""id"":24704,""source"":""gemini"",""original_id"":""65083"",""score"":7500.0,""pun"":""Le masseur a fait une dépression car il en avait plein le dos.""}]"	48358	claude	59675	Le professeur a posé une question et tous les élèves ont levé les bras. C'est ce qu'on appelle une révolte armée.	25000.0		discriminator_run2_v4
3319	The telemarketer asked me if I read magazines at all and I replied that I did, periodically.	"[{""source"":""gemini_pro_single"",""original_id"":"""",""pun"":""Le démarcheur m'a demandé si je lisais des magazines, j'ai répondu que oui, périodiquement."",""id"":26751},{""source"":""gemini"",""original_id"":""91044"",""pun"":""On m'a demandé si j'écrivais souvent dans les journaux, j'ai répondu que j'y travaillais périodiquement."",""id"":30032},{""source"":""gpt_single"",""original_id"":"""",""pun"":""Le télévendeur m’a demandé si je lisais des périodiques ; j’ai répondu : « Oui, périodiquement. »"",""id"":90816},{""source"":""claude"",""original_id"":""40745"",""pun"":""Le téléprospecteur m'a demandé si je lisais des magazines. J'ai répondu que oui, périodiquement."",""id"":91239}]"	pooled_rankings	"{""comedian"":0.0,""pun_expert"":0.0,""editor"":0.0,""translator"":100.0}"	"{""claude"":25.0,""gemini_pro"":25.0,""gpt"":25.0}"	"{""90816"":27500.0,""91239"":25000.0,""26751"":15000.0,""30032"":7500.0}"	"[{""id"":90816,""source"":""gpt_single"",""original_id"":"""",""score"":27500.0,""pun"":""Le télévendeur m’a demandé si je lisais des périodiques ; j’ai répondu : « Oui, périodiquement. »""},{""id"":91239,""source"":""claude"",""original_id"":""40745"",""score"":25000.0,""pun"":""Le téléprospecteur m'a demandé si je lisais des magazines. J'ai répondu que oui, périodiquement.""},{""id"":26751,""source"":""gemini_pro_single"",""original_id"":"""",""score"":15000.0,""pun"":""Le démarcheur m'a demandé si je lisais des magazines, j'ai répondu que oui, périodiquement.""},{""id"":30032,""source"":""gemini"",""original_id"":""91044"",""score"":7500.0,""pun"":""On m'a demandé si j'écrivais souvent dans les journaux, j'ai répondu que j'y travaillais périodiquement.""}]"	90816	gpt_single		Le télévendeur m’a demandé si je lisais des périodiques ; j’ai répondu : « Oui, périodiquement. »	27500.0		discriminator_run2_v4
3320	The thief broke into the music store and stole the lute.	"[{""source"":""gemini"",""original_id"":""36775"",""pun"":""Celui qui vole un hautbois finit toujours par se faire remarquer : c'est le bois du délit."",""id"":76364},{""source"":""gpt_single"",""original_id"":"""",""pun"":""Au magasin de musique, le cambrioleur a volé le luth sans la moindre lutte."",""id"":29349},{""source"":""claude"",""original_id"":""32576"",""pun"":""Le cambrioleur a volé le luth. La victime a porté plainte pour larcin… et pour atteinte à ses cordes sensibles."",""id"":84517},{""source"":""gemini_pro_single"",""original_id"":"""",""pun"":""Après avoir braqué le magasin de musique, le voleur a fini au violon."",""id"":53441}]"	pooled_rankings	"{""comedian"":0.0,""pun_expert"":0.0,""editor"":0.0,""translator"":100.0}"	"{""claude"":25.0,""gemini_pro"":25.0,""gpt"":25.0}"	"{""29349"":25000.0,""53441"":22500.0,""84517"":15000.0,""76364"":12500.0}"	"[{""id"":29349,""source"":""gpt_single"",""original_id"":"""",""score"":25000.0,""pun"":""Au magasin de musique, le cambrioleur a volé le luth sans la moindre lutte.""},{""id"":53441,""source"":""gemini_pro_single"",""original_id"":"""",""score"":22500.0,""pun"":""Après avoir braqué le magasin de musique, le voleur a fini au violon.""},{""id"":84517,""source"":""claude"",""original_id"":""32576"",""score"":15000.0,""pun"":""Le cambrioleur a volé le luth. La victime a porté plainte pour larcin… et pour atteinte à ses cordes sensibles.""},{""id"":76364,""source"":""gemini"",""original_id"":""36775"",""score"":12500.0,""pun"":""Celui qui vole un hautbois finit toujours par se faire remarquer : c'est le bois du délit.""}]"	29349	gpt_single		Au magasin de musique, le cambrioleur a volé le luth sans la moindre lutte.	25000.0		discriminator_run2_v4
3321	The thief had a bold plan. He figured he could carry it off.	"[{""source"":""gpt_single"",""original_id"":"""",""pun"":""Le cambrioleur avait un plan gonflé : avec le coffre, il comptait bien l’emporter."",""id"":99935},{""source"":""gemini_pro_single"",""original_id"":"""",""pun"":""Le voleur avait un plan audacieux pour le lourd coffre-fort : il pensait bien l'emporter."",""id"":73293},{""source"":""gemini"",""original_id"":""76031"",""pun"":""Le voleur de calendriers a pris 12 mois."",""id"":38355},{""source"":""claude"",""original_id"":""50480"",""pun"":""Le braqueur avait un plan osé. Il pensait pouvoir faire main basse et s'en aller la tête haute."",""id"":63423}]"	pooled_rankings	"{""comedian"":0.0,""pun_expert"":0.0,""editor"":0.0,""translator"":100.0}"	"{""claude"":25.0,""gemini_pro"":25.0,""gpt"":25.0}"	"{""99935"":27500.0,""73293"":25000.0,""63423"":15000.0,""38355"":7500.0}"	"[{""id"":99935,""source"":""gpt_single"",""original_id"":"""",""score"":27500.0,""pun"":""Le cambrioleur avait un plan gonflé : avec le coffre, il comptait bien l’emporter.""},{""id"":73293,""source"":""gemini_pro_single"",""original_id"":"""",""score"":25000.0,""pun"":""Le voleur avait un plan audacieux pour le lourd coffre-fort : il pensait bien l'emporter.""},{""id"":63423,""source"":""claude"",""original_id"":""50480"",""score"":15000.0,""pun"":""Le braqueur avait un plan osé. Il pensait pouvoir faire main basse et s'en aller la tête haute.""},{""id"":38355,""source"":""gemini"",""original_id"":""76031"",""score"":7500.0,""pun"":""Le voleur de calendriers a pris 12 mois.""}]"	99935	gpt_single		Le cambrioleur avait un plan gonflé : avec le coffre, il comptait bien l’emporter.	27500.0		discriminator_run2_v4
3322	The thing about vampires is they always have such biting humour.	"[{""source"":""claude"",""original_id"":""77682"",""pun"":""Les vampires ont toujours un humour très mordant. C'est dans leur nature — ils ne font jamais les choses à moitié."",""id"":16258},{""source"":""gpt_single"",""original_id"":"""",""pun"":""Les vampires ont toujours un humour mordant : ça se voit à leurs canines."",""id"":88233},{""source"":""gemini"",""original_id"":""51618"",""pun"":""Pourquoi les vampires ne sont-ils jamais stressés ? Parce qu'ils savent garder leur sang-froid."",""id"":40136},{""source"":""gemini_pro_single"",""original_id"":"""",""pun"":""Le truc avec les vampires, c'est qu'ils ont toujours un humour très mordant."",""id"":61487}]"	pooled_rankings	"{""comedian"":0.0,""pun_expert"":0.0,""editor"":0.0,""translator"":100.0}"	"{""claude"":25.0,""gemini_pro"":25.0,""gpt"":25.0}"	"{""61487"":27500.0,""88233"":25000.0,""16258"":15000.0,""40136"":7500.0}"	"[{""id"":61487,""source"":""gemini_pro_single"",""original_id"":"""",""score"":27500.0,""pun"":""Le truc avec les vampires, c'est qu'ils ont toujours un humour très mordant.""},{""id"":88233,""source"":""gpt_single"",""original_id"":"""",""score"":25000.0,""pun"":""Les vampires ont toujours un humour mordant : ça se voit à leurs canines.""},{""id"":16258,""source"":""claude"",""original_id"":""77682"",""score"":15000.0,""pun"":""Les vampires ont toujours un humour très mordant. C'est dans leur nature — ils ne font jamais les choses à moitié.""},{""id"":40136,""source"":""gemini"",""original_id"":""51618"",""score"":7500.0,""pun"":""Pourquoi les vampires ne sont-ils jamais stressés ? Parce qu'ils savent garder leur sang-froid.""}]"	61487	gemini_pro_single		Le truc avec les vampires, c'est qu'ils ont toujours un humour très mordant.	27500.0		discriminator_run2_v4
3323	The tightrope walker gently took a step at a time and always wore diamond-laced slippers. The spectators always would stare in awe at the tightrope walker's feat.	"[{""source"":""gemini"",""original_id"":""89416"",""pun"":""L'acrobate qui marche sur ses chaussures en diamant est vraiment un homme de grandes pompes."",""id"":28718},{""source"":""claude"",""original_id"":""48782"",""pun"":""Le funambule portait des chaussons en diamant. Certains disaient que c'était ses plus belles parures — d'autres, ses plus belles pointures."",""id"":72400},{""source"":""gpt_single"",""original_id"":"""",""pun"":""Avec ses chaussons sertis, le funambule signait son plus bel exploit : faire perdre pied au public sans jamais perdre le sien."",""id"":97745},{""source"":""gemini_pro_single"",""original_id"":"""",""pun"":""Le funambule avançait pas à pas avec ses superbes chaussons de diamants : les spectateurs ont tout de suite reconnu une vraie pointure."",""id"":86197}]"	pooled_rankings	"{""comedian"":0.0,""pun_expert"":0.0,""editor"":0.0,""translator"":100.0}"	"{""claude"":25.0,""gemini_pro"":25.0,""gpt"":25.0}"	"{""86197"":22500.0,""97745"":22500.0,""72400"":17500.0,""28718"":12500.0}"	[]	86197	gemini_pro_single		Le funambule avançait pas à pas avec ses superbes chaussons de diamants : les spectateurs ont tout de suite reconnu une vraie pointure.	22500.0	gemini_pro:invalid_or_error_random_fallback:Run 2 error: Expected JSON object in model response, got NoneType. Raw preview: null	discriminator_run2_v4
3324	"The tired playgoers decided to bypass the new production of ""Othello"" despite the good reviews; having just returned from a long trip, they didn't feel like seeing any moor of Venice."	"[{""source"":""claude"",""original_id"":""98736"",""pun"":""J'ai vu Othello cinq fois. Ma femme dit que j'en fais trop. Moi je dis que j'en veux toujours un Maure."",""id"":60615},{""source"":""gemini"",""original_id"":""24054"",""pun"":""Les critiques étaient unanimes : c’était à Maure de rire, malgré la tragédie."",""id"":60891},{""source"":""gpt_single"",""original_id"":"""",""pun"":""De retour d’un long voyage, ils ont zappé Othello : même encensé, le Maure de Venise, c’était le Maure de trop."",""id"":29158},{""source"":""gemini_pro_single"",""original_id"":"""",""pun"":""De retour d'un long voyage, ils ont fait l'impasse sur Othello : ils étaient déjà Maures de fatigue."",""id"":26759}]"	pooled_rankings	"{""comedian"":0.0,""pun_expert"":0.0,""editor"":0.0,""translator"":100.0}"	"{""claude"":25.0,""gemini_pro"":25.0,""gpt"":25.0}"	"{""26759"":27500.0,""29158"":25000.0,""60615"":12500.0,""60891"":10000.0}"	"[{""id"":26759,""source"":""gemini_pro_single"",""original_id"":"""",""score"":27500.0,""pun"":""De retour d'un long voyage, ils ont fait l'impasse sur Othello : ils étaient déjà Maures de fatigue.""},{""id"":29158,""source"":""gpt_single"",""original_id"":"""",""score"":25000.0,""pun"":""De retour d’un long voyage, ils ont zappé Othello : même encensé, le Maure de Venise, c’était le Maure de trop.""},{""id"":60615,""source"":""claude"",""original_id"":""98736"",""score"":12500.0,""pun"":""J'ai vu Othello cinq fois. Ma femme dit que j'en fais trop. Moi je dis que j'en veux toujours un Maure.""},{""id"":60891,""source"":""gemini"",""original_id"":""24054"",""score"":10000.0,""pun"":""Les critiques étaient unanimes : c’était à Maure de rire, malgré la tragédie.""}]"	26759	gemini_pro_single		De retour d'un long voyage, ils ont fait l'impasse sur Othello : ils étaient déjà Maures de fatigue.	27500.0		discriminator_run2_v4
3325	The tongue weighs very little, but few people can hold it.	"[{""source"":""gpt_single"",""original_id"":"""",""pun"":""La langue ne pèse pas lourd, mais peu de gens savent la tenir."",""id"":33584},{""source"":""gemini"",""original_id"":""51875"",""pun"":""La langue ne pèse que quelques grammes, mais c'est le seul muscle capable de porter autant de préjudices."",""id"":32755},{""source"":""claude"",""original_id"":""62641"",""pun"":""La langue ne pèse presque rien, et pourtant elle écrase tout le monde."",""id"":64608},{""source"":""gemini_pro_single"",""original_id"":"""",""pun"":""La langue ne pèse presque rien, mais bien peu de gens savent la tenir."",""id"":78282}]"	pooled_rankings	"{""comedian"":0.0,""pun_expert"":0.0,""editor"":0.0,""translator"":100.0}"	"{""claude"":25.0,""gemini_pro"":25.0,""gpt"":25.0}"	"{""78282"":27500.0,""33584"":25000.0,""64608"":12500.0,""32755"":10000.0}"	"[{""id"":78282,""source"":""gemini_pro_single"",""original_id"":"""",""score"":27500.0,""pun"":""La langue ne pèse presque rien, mais bien peu de gens savent la tenir.""},{""id"":33584,""source"":""gpt_single"",""original_id"":"""",""score"":25000.0,""pun"":""La langue ne pèse pas lourd, mais peu de gens savent la tenir.""},{""id"":64608,""source"":""claude"",""original_id"":""62641"",""score"":12500.0,""pun"":""La langue ne pèse presque rien, et pourtant elle écrase tout le monde.""},{""id"":32755,""source"":""gemini"",""original_id"":""51875"",""score"":10000.0,""pun"":""La langue ne pèse que quelques grammes, mais c'est le seul muscle capable de porter autant de préjudices.""}]"	78282	gemini_pro_single		La langue ne pèse presque rien, mais bien peu de gens savent la tenir.	27500.0		discriminator_run2_v4
3326	The trampoline was on sale for fifty per cent off. Needless to say I jumped on the offer.	"[{""source"":""gemini_pro_single"",""original_id"":"""",""pun"":""Le trampoline était à moitié prix, alors forcément, j'ai sauté sur l'occasion !"",""id"":34185},{""source"":""gemini"",""original_id"":""50222"",""pun"":""Il y avait une promo sur les trampolines, alors j'ai bondi sur l'occasion."",""id"":22161},{""source"":""gpt_single"",""original_id"":"""",""pun"":""Le trampoline était à moitié prix, alors j’ai sauté sur l’occasion."",""id"":36625},{""source"":""claude"",""original_id"":""29432"",""pun"":""Le trampoline était en solde à moitié prix. Inutile de dire que j'ai sauté sur l'occasion."",""id"":34873}]"	pooled_rankings	"{""comedian"":0.0,""pun_expert"":0.0,""editor"":0.0,""translator"":100.0}"	"{""claude"":25.0,""gemini_pro"":25.0,""gpt"":25.0}"	"{""34873"":30000.0,""34185"":20000.0,""36625"":17500.0,""22161"":7500.0}"	"[{""id"":34873,""source"":""claude"",""original_id"":""29432"",""score"":30000.0,""pun"":""Le trampoline était en solde à moitié prix. Inutile de dire que j'ai sauté sur l'occasion.""},{""id"":34185,""source"":""gemini_pro_single"",""original_id"":"""",""score"":20000.0,""pun"":""Le trampoline était à moitié prix, alors forcément, j'ai sauté sur l'occasion !""},{""id"":36625,""source"":""gpt_single"",""original_id"":"""",""score"":17500.0,""pun"":""Le trampoline était à moitié prix, alors j’ai sauté sur l’occasion.""},{""id"":22161,""source"":""gemini"",""original_id"":""50222"",""score"":7500.0,""pun"":""Il y avait une promo sur les trampolines, alors j'ai bondi sur l'occasion.""}]"	34873	claude	29432	Le trampoline était en solde à moitié prix. Inutile de dire que j'ai sauté sur l'occasion.	30000.0		discriminator_run2_v4
3327	The trapeze artist had to buy his own safety equipment. Every Friday he drew his net wages.	"[{""source"":""gemini"",""original_id"":""97247"",""pun"":""Un trapéziste qui gagne beaucoup d'argent, c'est un homme de haut vol."",""id"":23020},{""source"":""gemini_pro_single"",""original_id"":"""",""pun"":""Après son licenciement, le trapéziste a pu compter sur son filet de sécurité pour rebondir."",""id"":60521},{""source"":""gpt_single"",""original_id"":"""",""pun"":""Depuis qu’il paie lui-même son filet de sécurité, le trapéziste touche un salaire net : il ne lui reste qu’un filet de salaire."",""id"":55366},{""source"":""claude"",""original_id"":""48054"",""pun"":""À la fin du mois, l'acrobate regardait sa fiche de paie. Tout était clair : en brut il volait, en net il tombait."",""id"":31568}]"	pooled_rankings	"{""comedian"":0.0,""pun_expert"":0.0,""editor"":0.0,""translator"":100.0}"	"{""claude"":25.0,""gemini_pro"":25.0,""gpt"":25.0}"	"{""55366"":30000.0,""31568"":20000.0,""60521"":17500.0,""23020"":7500.0}"	"[{""id"":55366,""source"":""gpt_single"",""original_id"":"""",""score"":30000.0,""pun"":""Depuis qu’il paie lui-même son filet de sécurité, le trapéziste touche un salaire net : il ne lui reste qu’un filet de salaire.""},{""id"":31568,""source"":""claude"",""original_id"":""48054"",""score"":20000.0,""pun"":""À la fin du mois, l'acrobate regardait sa fiche de paie. Tout était clair : en brut il volait, en net il tombait.""},{""id"":60521,""source"":""gemini_pro_single"",""original_id"":"""",""score"":17500.0,""pun"":""Après son licenciement, le trapéziste a pu compter sur son filet de sécurité pour rebondir.""},{""id"":23020,""source"":""gemini"",""original_id"":""97247"",""score"":7500.0,""pun"":""Un trapéziste qui gagne beaucoup d'argent, c'est un homme de haut vol.""}]"	55366	gpt_single		Depuis qu’il paie lui-même son filet de sécurité, le trapéziste touche un salaire net : il ne lui reste qu’un filet de salaire.	30000.0		discriminator_run2_v4
3328	The triangular computer monitor business was just a big pyramid screen.	"[{""source"":""gemini_pro_single"",""original_id"":"""",""pun"":""L'entreprise d'écrans d'ordinateur triangulaires n'était en fait qu'un vaste système pyramidal."",""id"":79099},{""source"":""gpt_single"",""original_id"":"""",""pun"":""Leur boîte d’écrans triangulaires avait tout d’une pyramide : beaucoup de faces lisses, et une arnaque à la base."",""id"":61772},{""source"":""gemini"",""original_id"":""62780"",""pun"":""L'écran pyramidal était si cher que les clients ont crié à la pyramide de Pharaon-naque."",""id"":93377},{""source"":""claude"",""original_id"":""18105"",""pun"":""J'ai monté une affaire de moniteurs triangulaires. C'était une vraie pyramide des crans."",""id"":73488}]"	pooled_rankings	"{""comedian"":0.0,""pun_expert"":0.0,""editor"":0.0,""translator"":100.0}"	"{""claude"":25.0,""gemini_pro"":25.0,""gpt"":25.0}"	"{""79099"":25000.0,""61772"":22500.0,""73488"":20000.0,""93377"":7500.0}"	"[{""id"":79099,""source"":""gemini_pro_single"",""original_id"":"""",""score"":25000.0,""pun"":""L'entreprise d'écrans d'ordinateur triangulaires n'était en fait qu'un vaste système pyramidal.""},{""id"":61772,""source"":""gpt_single"",""original_id"":"""",""score"":22500.0,""pun"":""Leur boîte d’écrans triangulaires avait tout d’une pyramide : beaucoup de faces lisses, et une arnaque à la base.""},{""id"":73488,""source"":""claude"",""original_id"":""18105"",""score"":20000.0,""pun"":""J'ai monté une affaire de moniteurs triangulaires. C'était une vraie pyramide des crans.""},{""id"":93377,""source"":""gemini"",""original_id"":""62780"",""score"":7500.0,""pun"":""L'écran pyramidal était si cher que les clients ont crié à la pyramide de Pharaon-naque.""}]"	79099	gemini_pro_single		L'entreprise d'écrans d'ordinateur triangulaires n'était en fait qu'un vaste système pyramidal.	25000.0		discriminator_run2_v4
3329	"The triglyph commented, ""It's friezing in here."""	"[{""source"":""claude"",""original_id"":""65083"",""pun"":""Le triglyphe se plaint : 'Il fait frise-quet par ici !' La corniche : 'Tu voulais dire fraisquet ?' Le triglyphe : 'Non, frisquet. Mais comme je suis une frise, j'ai adapté.'"",""id"":16928},{""source"":""gemini_pro_single"",""original_id"":"""",""pun"":""Le triglyphe grelottait : « On frise le zéro, ici ! »"",""id"":18426},{""source"":""gemini"",""original_id"":""55495"",""pun"":""On a dû arrêter les travaux du temple grec : les ouvriers étaient tous en train de frizer pendant la pose de la corniche."",""id"":69191},{""source"":""gpt_single"",""original_id"":"""",""pun"":""Le triglyphe grelotte : « Ici, ça frise le zéro ! »"",""id"":42009}]"	pooled_rankings	"{""comedian"":0.0,""pun_expert"":0.0,""editor"":0.0,""translator"":100.0}"	"{""claude"":25.0,""gemini_pro"":25.0,""gpt"":25.0}"	"{""42009"":27500.0,""18426"":25000.0,""16928"":15000.0,""69191"":7500.0}"	"[{""id"":42009,""source"":""gpt_single"",""original_id"":"""",""score"":27500.0,""pun"":""Le triglyphe grelotte : « Ici, ça frise le zéro ! »""},{""id"":18426,""source"":""gemini_pro_single"",""original_id"":"""",""score"":25000.0,""pun"":""Le triglyphe grelottait : « On frise le zéro, ici ! »""},{""id"":16928,""source"":""claude"",""original_id"":""65083"",""score"":15000.0,""pun"":""Le triglyphe se plaint : 'Il fait frise-quet par ici !' La corniche : 'Tu voulais dire fraisquet ?' Le triglyphe : 'Non, frisquet. Mais comme je suis une frise, j'ai adapté.'""},{""id"":69191,""source"":""gemini"",""original_id"":""55495"",""score"":7500.0,""pun"":""On a dû arrêter les travaux du temple grec : les ouvriers étaient tous en train de frizer pendant la pose de la corniche.""}]"	42009	gpt_single		Le triglyphe grelotte : « Ici, ça frise le zéro ! »	27500.0		discriminator_run2_v4
3330	"The triglyph commented, ""It's friezing in here."""	"[{""source"":""gpt_single"",""original_id"":"""",""pun"":""Le triglyphe grelotte : « Ici, ça frise le gel ! »"",""id"":28565},{""source"":""gemini"",""original_id"":""62643"",""pun"":""L'architecte qui dessinait des congélateurs était un expert en frise."",""id"":30029},{""source"":""claude"",""original_id"":""27118"",""pun"":""Le triglyphe soupira : 'Je vis dans une frise mais je meurs de froid !'"",""id"":56090},{""source"":""gemini_pro_single"",""original_id"":"""",""pun"":""Le triglyphe claquait des dents : « Brrr, la température frise le zéro ! »"",""id"":73188}]"	pooled_rankings	"{""comedian"":0.0,""pun_expert"":0.0,""editor"":0.0,""translator"":100.0}"	"{""claude"":25.0,""gemini_pro"":25.0,""gpt"":25.0}"	"{""73188"":27500.0,""28565"":25000.0,""56090"":15000.0,""30029"":7500.0}"	"[{""id"":73188,""source"":""gemini_pro_single"",""original_id"":"""",""score"":27500.0,""pun"":""Le triglyphe claquait des dents : « Brrr, la température frise le zéro ! »""},{""id"":28565,""source"":""gpt_single"",""original_id"":"""",""score"":25000.0,""pun"":""Le triglyphe grelotte : « Ici, ça frise le gel ! »""},{""id"":56090,""source"":""claude"",""original_id"":""27118"",""score"":15000.0,""pun"":""Le triglyphe soupira : 'Je vis dans une frise mais je meurs de froid !'""},{""id"":30029,""source"":""gemini"",""original_id"":""62643"",""score"":7500.0,""pun"":""L'architecte qui dessinait des congélateurs était un expert en frise.""}]"	73188	gemini_pro_single		Le triglyphe claquait des dents : « Brrr, la température frise le zéro ! »	27500.0		discriminator_run2_v4
3331	The trucker explained that he was early because he had had no breaks.	"[{""source"":""gpt_single"",""original_id"":"""",""pun"":""Le routier était en avance : sans pause et sans freins, rien ne l’a freiné."",""id"":23454},{""source"":""claude"",""original_id"":""69363"",""pun"":""Je suis arrivé en avance parce que je n'ai pas marqué d'arrêt. C'est aussi ce qu'ont dit mes freins."",""id"":72850},{""source"":""gemini_pro_single"",""original_id"":"""",""pun"":""Le routier a expliqué qu'il était en avance parce qu'il n'avait jamais levé le pied."",""id"":20342},{""source"":""gemini"",""original_id"":""16496"",""pun"":""Le routier est toujours en retard parce qu'il fait trop de pauses déjantes."",""id"":41930}]"	pooled_rankings	"{""comedian"":0.0,""pun_expert"":0.0,""editor"":0.0,""translator"":100.0}"	"{""claude"":25.0,""gemini_pro"":25.0,""gpt"":25.0}"	"{""72850"":25000.0,""23454"":22500.0,""20342"":20000.0,""41930"":7500.0}"	"[{""id"":72850,""source"":""claude"",""original_id"":""69363"",""score"":25000.0,""pun"":""Je suis arrivé en avance parce que je n'ai pas marqué d'arrêt. C'est aussi ce qu'ont dit mes freins.""},{""id"":23454,""source"":""gpt_single"",""original_id"":"""",""score"":22500.0,""pun"":""Le routier était en avance : sans pause et sans freins, rien ne l’a freiné.""},{""id"":20342,""source"":""gemini_pro_single"",""original_id"":"""",""score"":20000.0,""pun"":""Le routier a expliqué qu'il était en avance parce qu'il n'avait jamais levé le pied.""},{""id"":41930,""source"":""gemini"",""original_id"":""16496"",""score"":7500.0,""pun"":""Le routier est toujours en retard parce qu'il fait trop de pauses déjantes.""}]"	72850	claude	69363	Je suis arrivé en avance parce que je n'ai pas marqué d'arrêt. C'est aussi ce qu'ont dit mes freins.	25000.0		discriminator_run2_v4
3332	The truly enlightened have homes with two Karma garages.	"[{""source"":""gemini_pro_single"",""original_id"":"""",""pun"":""Quand plusieurs mauvais destins se percutent sur l'autoroute, c'est un karmambolage."",""id"":74871},{""source"":""gemini"",""original_id"":""22976"",""pun"":""Comment appelle-t-on un pneu qui a atteint le nirvana ? Un pneu-matiique."",""id"":24094},{""source"":""claude"",""original_id"":""61594"",""pun"":""Le bouddhiste a acheté une berline hybride : il voulait un karma rechargeable."",""id"":47555},{""source"":""gpt_single"",""original_id"":"""",""pun"":""Les grands sages ont deux garages : un pour le car, l’autre pour le karma."",""id"":29884}]"	pooled_rankings	"{""comedian"":0.0,""pun_expert"":0.0,""editor"":0.0,""translator"":100.0}"	"{""claude"":25.0,""gemini_pro"":25.0,""gpt"":25.0}"	"{""29884"":30000.0,""47555"":20000.0,""74871"":17500.0,""24094"":7500.0}"	"[{""id"":29884,""source"":""gpt_single"",""original_id"":"""",""score"":30000.0,""pun"":""Les grands sages ont deux garages : un pour le car, l’autre pour le karma.""},{""id"":47555,""source"":""claude"",""original_id"":""61594"",""score"":20000.0,""pun"":""Le bouddhiste a acheté une berline hybride : il voulait un karma rechargeable.""},{""id"":74871,""source"":""gemini_pro_single"",""original_id"":"""",""score"":17500.0,""pun"":""Quand plusieurs mauvais destins se percutent sur l'autoroute, c'est un karmambolage.""},{""id"":24094,""source"":""gemini"",""original_id"":""22976"",""score"":7500.0,""pun"":""Comment appelle-t-on un pneu qui a atteint le nirvana ? Un pneu-matiique.""}]"	29884	gpt_single		Les grands sages ont deux garages : un pour le car, l’autre pour le karma.	30000.0		discriminator_run2_v4
3333	The trumpeter blew it while auditioning for the symphony.	"[{""source"":""claude"",""original_id"":""47311"",""pun"":""Il a soufflé dans sa trompette et... soufflé son contrat."",""id"":90610},{""source"":""gemini"",""original_id"":""12469"",""pun"":""Le trompettiste a pris un râteau, il n'avait pas assez de piston."",""id"":33556},{""source"":""gpt_single"",""original_id"":"""",""pun"":""À son audition pour la symphonie, le trompettiste a fait une fausse note : il a tout gâché."",""id"":19158},{""source"":""gemini_pro_single"",""original_id"":"""",""pun"":""Lors de son audition pour l'orchestre, le trompettiste s'est fait souffler la place."",""id"":76932}]"	pooled_rankings	"{""comedian"":0.0,""pun_expert"":0.0,""editor"":0.0,""translator"":100.0}"	"{""claude"":25.0,""gemini_pro"":25.0,""gpt"":25.0}"	"{""76932"":27500.0,""19158"":22500.0,""33556"":15000.0,""90610"":10000.0}"	"[{""id"":76932,""source"":""gemini_pro_single"",""original_id"":"""",""score"":27500.0,""pun"":""Lors de son audition pour l'orchestre, le trompettiste s'est fait souffler la place.""},{""id"":19158,""source"":""gpt_single"",""original_id"":"""",""score"":22500.0,""pun"":""À son audition pour la symphonie, le trompettiste a fait une fausse note : il a tout gâché.""},{""id"":33556,""source"":""gemini"",""original_id"":""12469"",""score"":15000.0,""pun"":""Le trompettiste a pris un râteau, il n'avait pas assez de piston.""},{""id"":90610,""source"":""claude"",""original_id"":""47311"",""score"":10000.0,""pun"":""Il a soufflé dans sa trompette et... soufflé son contrat.""}]"	76932	gemini_pro_single		Lors de son audition pour l'orchestre, le trompettiste s'est fait souffler la place.	27500.0		discriminator_run2_v4
3334	The two bowlers bore a striking resemblance.	"[{""source"":""claude"",""original_id"":""89823"",""pun"":""Ces deux boxeurs se ressemblaient de manière frappante. Ce qui est moins surprenant pour des boxeurs que pour des comptables."",""id"":75882},{""source"":""gpt_single"",""original_id"":"""",""pun"":""Entre ces deux joueurs de bowling, la ressemblance était frappante : même les quilles en prenaient un coup."",""id"":64450},{""source"":""gemini_pro_single"",""original_id"":"""",""pun"":""Ces deux boxeurs ont une ressemblance frappante."",""id"":39779},{""source"":""gemini"",""original_id"":""40009"",""pun"":""C'est un bowling très sélect : on n'y entre qu'en faisant la quille."",""id"":74446}]"	pooled_rankings	"{""comedian"":0.0,""pun_expert"":0.0,""editor"":0.0,""translator"":100.0}"	"{""claude"":25.0,""gemini_pro"":25.0,""gpt"":25.0}"	"{""64450"":27500.0,""39779"":22500.0,""75882"":17500.0,""74446"":7500.0}"	"[{""id"":64450,""source"":""gpt_single"",""original_id"":"""",""score"":27500.0,""pun"":""Entre ces deux joueurs de bowling, la ressemblance était frappante : même les quilles en prenaient un coup.""},{""id"":39779,""source"":""gemini_pro_single"",""original_id"":"""",""score"":22500.0,""pun"":""Ces deux boxeurs ont une ressemblance frappante.""},{""id"":75882,""source"":""claude"",""original_id"":""89823"",""score"":17500.0,""pun"":""Ces deux boxeurs se ressemblaient de manière frappante. Ce qui est moins surprenant pour des boxeurs que pour des comptables.""},{""id"":74446,""source"":""gemini"",""original_id"":""40009"",""score"":7500.0,""pun"":""C'est un bowling très sélect : on n'y entre qu'en faisant la quille.""}]"	64450	gpt_single		Entre ces deux joueurs de bowling, la ressemblance était frappante : même les quilles en prenaient un coup.	27500.0		discriminator_run2_v4
3335	The two guys caught drinking battery acid will soon be charged.	"[{""source"":""gemini_pro_single"",""original_id"":"""",""pun"":""Les deux individus arrêtés pour avoir bu de l'acide de batterie font l'objet de lourdes charges."",""id"":45690},{""source"":""gemini"",""original_id"":""22356"",""pun"":""L'électricien a été viré car il n'était pas au courant."",""id"":76260},{""source"":""gpt_single"",""original_id"":"""",""pun"":""Pris à boire de l’acide de batterie, les deux gars vont avoir un dossier chargé à bloc."",""id"":69612},{""source"":""claude"",""original_id"":""92416"",""pun"":""Les deux hommes arrêtés pour avoir bu de l'acide de batterie nient tout. Ils soutiennent qu'ils n'ont fait que recharger leurs batteries."",""id"":82823}]"	pooled_rankings	"{""comedian"":0.0,""pun_expert"":0.0,""editor"":0.0,""translator"":100.0}"	"{""claude"":25.0,""gemini_pro"":25.0,""gpt"":25.0}"	"{""45690"":25000.0,""69612"":22500.0,""82823"":20000.0,""76260"":7500.0}"	"[{""id"":45690,""source"":""gemini_pro_single"",""original_id"":"""",""score"":25000.0,""pun"":""Les deux individus arrêtés pour avoir bu de l'acide de batterie font l'objet de lourdes charges.""},{""id"":69612,""source"":""gpt_single"",""original_id"":"""",""score"":22500.0,""pun"":""Pris à boire de l’acide de batterie, les deux gars vont avoir un dossier chargé à bloc.""},{""id"":82823,""source"":""claude"",""original_id"":""92416"",""score"":20000.0,""pun"":""Les deux hommes arrêtés pour avoir bu de l'acide de batterie nient tout. Ils soutiennent qu'ils n'ont fait que recharger leurs batteries.""},{""id"":76260,""source"":""gemini"",""original_id"":""22356"",""score"":7500.0,""pun"":""L'électricien a été viré car il n'était pas au courant.""}]"	45690	gemini_pro_single		Les deux individus arrêtés pour avoir bu de l'acide de batterie font l'objet de lourdes charges.	25000.0		discriminator_run2_v4
3336	The two inventors of the radio were on the same wavelength.	"[{""source"":""claude"",""original_id"":""51875"",""pun"":""Les deux inventeurs de la radio étaient sur la même longueur d'onde — et franchement, ça se captait."",""id"":72964},{""source"":""gemini"",""original_id"":""14194"",""pun"":""Comment appelle-t-on une radio qui fait du fitness ? Une radio-activité."",""id"":57362},{""source"":""gpt_single"",""original_id"":"""",""pun"":""Pour inventer la radio à deux, il fallait vraiment être sur la même longueur d’onde."",""id"":45771},{""source"":""gemini_pro_single"",""original_id"":"""",""pun"":""Les deux inventeurs de la radio étaient sur la même longueur d'onde."",""id"":81120}]"	pooled_rankings	"{""comedian"":0.0,""pun_expert"":0.0,""editor"":0.0,""translator"":100.0}"	"{""claude"":25.0,""gemini_pro"":25.0,""gpt"":25.0}"	"{""81120"":30000.0,""45771"":22500.0,""72964"":15000.0,""57362"":7500.0}"	"[{""id"":81120,""source"":""gemini_pro_single"",""original_id"":"""",""score"":30000.0,""pun"":""Les deux inventeurs de la radio étaient sur la même longueur d'onde.""},{""id"":45771,""source"":""gpt_single"",""original_id"":"""",""score"":22500.0,""pun"":""Pour inventer la radio à deux, il fallait vraiment être sur la même longueur d’onde.""},{""id"":72964,""source"":""claude"",""original_id"":""51875"",""score"":15000.0,""pun"":""Les deux inventeurs de la radio étaient sur la même longueur d'onde — et franchement, ça se captait.""},{""id"":57362,""source"":""gemini"",""original_id"":""14194"",""score"":7500.0,""pun"":""Comment appelle-t-on une radio qui fait du fitness ? Une radio-activité.""}]"	81120	gemini_pro_single		Les deux inventeurs de la radio étaient sur la même longueur d'onde.	30000.0		discriminator_run2_v4
3337	The ultimate liquid measure is the supreme quart.	"[{""source"":""gemini_pro_single"",""original_id"":"""",""pun"":""Pour trancher un litige sur les volumes de vin servis au bistrot, la juridiction suprême est le quart de cassation."",""id"":43889},{""source"":""gpt_single"",""original_id"":"""",""pun"":""Le plus haut tribunal des boissons, c’est la Cour suprême : elle rend ses arrêts au quart de litre près."",""id"":25732},{""source"":""claude"",""original_id"":""47428"",""pun"":""Pourquoi le tribunal utilise-t-il des seaux ? Parce que la justice se rend au litre !"",""id"":23204},{""source"":""gemini"",""original_id"":""83626"",""pun"":""Comment appelle-t-on un litre qui a fait du droit ? Un magistrat-litre."",""id"":79558}]"	pooled_rankings	"{""comedian"":0.0,""pun_expert"":0.0,""editor"":0.0,""translator"":100.0}"	"{""claude"":25.0,""gemini_pro"":25.0,""gpt"":25.0}"	"{""43889"":27500.0,""25732"":25000.0,""23204"":15000.0,""79558"":7500.0}"	"[{""id"":43889,""source"":""gemini_pro_single"",""original_id"":"""",""score"":27500.0,""pun"":""Pour trancher un litige sur les volumes de vin servis au bistrot, la juridiction suprême est le quart de cassation.""},{""id"":25732,""source"":""gpt_single"",""original_id"":"""",""score"":25000.0,""pun"":""Le plus haut tribunal des boissons, c’est la Cour suprême : elle rend ses arrêts au quart de litre près.""},{""id"":23204,""source"":""claude"",""original_id"":""47428"",""score"":15000.0,""pun"":""Pourquoi le tribunal utilise-t-il des seaux ? Parce que la justice se rend au litre !""},{""id"":79558,""source"":""gemini"",""original_id"":""83626"",""score"":7500.0,""pun"":""Comment appelle-t-on un litre qui a fait du droit ? Un magistrat-litre.""}]"	43889	gemini_pro_single		Pour trancher un litige sur les volumes de vin servis au bistrot, la juridiction suprême est le quart de cassation.	27500.0		discriminator_run2_v4
3338	The undersized and timorous knight, armed only with an aluminum sword, lacked the adequate metal to face the ferocious dragon.	"[{""source"":""claude"",""original_id"":""76095"",""pun"":""Le chevalier avait choisi l'aluminium pour sa légèreté — une qualité qu'il partageait visiblement avec son courage."",""id"":92142},{""source"":""gemini_pro_single"",""original_id"":"""",""pun"":""Armé d'une simple épée en aluminium, le chétif chevalier manquait de trempe pour affronter le féroce dragon."",""id"":27282},{""source"":""gemini"",""original_id"":""91595"",""pun"":""Le chevalier en aluminium a fini en canette : il n'avait pas assez de fer dans le sang pour affronter le dragon."",""id"":94571},{""source"":""gpt_single"",""original_id"":"""",""pun"":""Avec son épée en alu, le chevalier riquiqui et trouillard n’avait ni le métal ni le mental pour défier le dragon."",""id"":84461}]"	pooled_rankings	"{""comedian"":0.0,""pun_expert"":0.0,""editor"":0.0,""translator"":100.0}"	"{""claude"":25.0,""gemini_pro"":25.0,""gpt"":25.0}"	"{""27282"":25000.0,""84461"":25000.0,""94571"":17500.0,""92142"":7500.0}"	"[{""id"":27282,""source"":""gemini_pro_single"",""original_id"":"""",""score"":25000.0,""pun"":""Armé d'une simple épée en aluminium, le chétif chevalier manquait de trempe pour affronter le féroce dragon.""},{""id"":84461,""source"":""gpt_single"",""original_id"":"""",""score"":25000.0,""pun"":""Avec son épée en alu, le chevalier riquiqui et trouillard n’avait ni le métal ni le mental pour défier le dragon.""},{""id"":94571,""source"":""gemini"",""original_id"":""91595"",""score"":17500.0,""pun"":""Le chevalier en aluminium a fini en canette : il n'avait pas assez de fer dans le sang pour affronter le dragon.""},{""id"":92142,""source"":""claude"",""original_id"":""76095"",""score"":7500.0,""pun"":""Le chevalier avait choisi l'aluminium pour sa légèreté — une qualité qu'il partageait visiblement avec son courage.""}]"	27282	gemini_pro_single		Armé d'une simple épée en aluminium, le chétif chevalier manquait de trempe pour affronter le féroce dragon.	25000.0		discriminator_run2_v4
3339	The untruthful deli clerk was full of baloney.	"[{""source"":""gemini_pro_single"",""original_id"":"""",""pun"":""Ce charcutier était un tel menteur qu'avec lui, on ne savait jamais si ses histoires étaient du lard ou du cochon."",""id"":91251},{""source"":""claude"",""original_id"":""62780"",""pun"":""Le charcutier escroc s'en tirait toujours : il savait comment emballer ses mensonges sous vide."",""id"":35974},{""source"":""gemini"",""original_id"":""88442"",""pun"":""On ne peut pas croire ce vendeur de saucisse : il est trop franc-fort."",""id"":66542},{""source"":""gpt_single"",""original_id"":"""",""pun"":""Ce charcutier menteur ne débitait pas que du saucisson : il débitait aussi des bobards."",""id"":45344}]"	pooled_rankings	"{""comedian"":0.0,""pun_expert"":0.0,""editor"":0.0,""translator"":100.0}"	"{""claude"":25.0,""gemini_pro"":25.0,""gpt"":25.0}"	"{""45344"":27500.0,""91251"":25000.0,""35974"":15000.0,""66542"":7500.0}"	"[{""id"":45344,""source"":""gpt_single"",""original_id"":"""",""score"":27500.0,""pun"":""Ce charcutier menteur ne débitait pas que du saucisson : il débitait aussi des bobards.""},{""id"":91251,""source"":""gemini_pro_single"",""original_id"":"""",""score"":25000.0,""pun"":""Ce charcutier était un tel menteur qu'avec lui, on ne savait jamais si ses histoires étaient du lard ou du cochon.""},{""id"":35974,""source"":""claude"",""original_id"":""62780"",""score"":15000.0,""pun"":""Le charcutier escroc s'en tirait toujours : il savait comment emballer ses mensonges sous vide.""},{""id"":66542,""source"":""gemini"",""original_id"":""88442"",""score"":7500.0,""pun"":""On ne peut pas croire ce vendeur de saucisse : il est trop franc-fort.""}]"	45344	gpt_single		Ce charcutier menteur ne débitait pas que du saucisson : il débitait aussi des bobards.	27500.0		discriminator_run2_v4
3340	The unveiling of the statue was a monumental occasion.	"[{""source"":""gemini_pro_single"",""original_id"":"""",""pun"":""L'inauguration de la statue fut un événement monumental."",""id"":49535},{""source"":""claude"",""original_id"":""21252"",""pun"":""La statue a enfin été dévoilée. Le public était de pierre — mais cette fois par l'émotion."",""id"":21029},{""source"":""gpt_single"",""original_id"":"""",""pun"":""Le dévoilement de la statue ? Un événement monumental, au pied de la lettre."",""id"":96947},{""source"":""gemini"",""original_id"":""54153"",""pun"":""Le sculpteur est resté de marbre face aux critiques."",""id"":65003}]"	pooled_rankings	"{""comedian"":0.0,""pun_expert"":0.0,""editor"":0.0,""translator"":100.0}"	"{""claude"":25.0,""gemini_pro"":25.0,""gpt"":25.0}"	"{""96947"":27500.0,""49535"":25000.0,""21029"":15000.0,""65003"":7500.0}"	"[{""id"":96947,""source"":""gpt_single"",""original_id"":"""",""score"":27500.0,""pun"":""Le dévoilement de la statue ? Un événement monumental, au pied de la lettre.""},{""id"":49535,""source"":""gemini_pro_single"",""original_id"":"""",""score"":25000.0,""pun"":""L'inauguration de la statue fut un événement monumental.""},{""id"":21029,""source"":""claude"",""original_id"":""21252"",""score"":15000.0,""pun"":""La statue a enfin été dévoilée. Le public était de pierre — mais cette fois par l'émotion.""},{""id"":65003,""source"":""gemini"",""original_id"":""54153"",""score"":7500.0,""pun"":""Le sculpteur est resté de marbre face aux critiques.""}]"	96947	gpt_single		Le dévoilement de la statue ? Un événement monumental, au pied de la lettre.	27500.0		discriminator_run2_v4
3341	The valuable dog was still missing, believed stolen, however the police announced they have a lead.	"[{""source"":""gemini_pro_single"",""original_id"":"""",""pun"":""Le chien volé reste introuvable, mais la police a du flair : elle annonce tenir une bonne piste."",""id"":54071},{""source"":""gemini"",""original_id"":""83602"",""pun"":""Un électricien a été mis au courant de son licenciement."",""id"":86423},{""source"":""claude"",""original_id"":""11562"",""pun"":""On a volé le chien du maire. La police a un suspect en laisse."",""id"":92201},{""source"":""gpt_single"",""original_id"":"""",""pun"":""Le chien de prix reste introuvable : la police dit tenir une piste… au bout d’une laisse."",""id"":35127}]"	pooled_rankings	"{""comedian"":0.0,""pun_expert"":0.0,""editor"":0.0,""translator"":100.0}"	"{""claude"":25.0,""gemini_pro"":25.0,""gpt"":25.0}"	"{""35127"":25000.0,""54071"":25000.0,""92201"":17500.0,""86423"":7500.0}"	"[{""id"":35127,""source"":""gpt_single"",""original_id"":"""",""score"":25000.0,""pun"":""Le chien de prix reste introuvable : la police dit tenir une piste… au bout d’une laisse.""},{""id"":54071,""source"":""gemini_pro_single"",""original_id"":"""",""score"":25000.0,""pun"":""Le chien volé reste introuvable, mais la police a du flair : elle annonce tenir une bonne piste.""},{""id"":92201,""source"":""claude"",""original_id"":""11562"",""score"":17500.0,""pun"":""On a volé le chien du maire. La police a un suspect en laisse.""},{""id"":86423,""source"":""gemini"",""original_id"":""83602"",""score"":7500.0,""pun"":""Un électricien a été mis au courant de son licenciement.""}]"	35127	gpt_single		Le chien de prix reste introuvable : la police dit tenir une piste… au bout d’une laisse.	25000.0		discriminator_run2_v4
3342	The vegetable never taken aboard ship is a leek.	"[{""source"":""gpt_single"",""original_id"":"""",""pun"":""Aucun poireau ne monte à bord: il préfère poireauter au port."",""id"":19933},{""source"":""gemini_pro_single"",""original_id"":"""",""pun"":""Le légume qu'on n'embarque jamais à bord d'un navire, c'est le chou, de peur que le bateau s'échoue."",""id"":24728},{""source"":""gemini"",""original_id"":""64079"",""pun"":""Pourquoi les navires coulent-ils avec des légumes ? Parce qu'il y a toujours une fuite de poireau."",""id"":29759},{""source"":""claude"",""original_id"":""48759"",""pun"":""Quel légume ne monte jamais à bord d'un navire ? Le poireau — parce qu'il prend toujours la fuite !"",""id"":55765}]"	pooled_rankings	"{""comedian"":0.0,""pun_expert"":0.0,""editor"":0.0,""translator"":100.0}"	"{""claude"":25.0,""gemini_pro"":25.0,""gpt"":25.0}"	"{""55765"":27500.0,""24728"":17500.0,""29759"":17500.0,""19933"":12500.0}"	"[{""id"":55765,""source"":""claude"",""original_id"":""48759"",""score"":27500.0,""pun"":""Quel légume ne monte jamais à bord d'un navire ? Le poireau — parce qu'il prend toujours la fuite !""},{""id"":24728,""source"":""gemini_pro_single"",""original_id"":"""",""score"":17500.0,""pun"":""Le légume qu'on n'embarque jamais à bord d'un navire, c'est le chou, de peur que le bateau s'échoue.""},{""id"":29759,""source"":""gemini"",""original_id"":""64079"",""score"":17500.0,""pun"":""Pourquoi les navires coulent-ils avec des légumes ? Parce qu'il y a toujours une fuite de poireau.""},{""id"":19933,""source"":""gpt_single"",""original_id"":"""",""score"":12500.0,""pun"":""Aucun poireau ne monte à bord: il préfère poireauter au port.""}]"	55765	claude	48759	Quel légume ne monte jamais à bord d'un navire ? Le poireau — parce qu'il prend toujours la fuite !	27500.0		discriminator_run2_v4
3343	The vendor at the Arab market resented how I haggled and told me to take a haik.	"[{""source"":""gemini_pro_single"",""original_id"":"""",""pun"":""Au souk, le vendeur de haïks n'a pas supporté mon marchandage et m'a dit d'aller me rhabiller."",""id"":42917},{""source"":""gpt_single"",""original_id"":"""",""pun"":""Au souk, j’ai tellement marchandé que le vendeur m’a lancé : « Prends ton haïk et va faire un hike ! »"",""id"":41762},{""source"":""claude"",""original_id"":""26396"",""pun"":""J'ai marchandé un châle au souk et le vendeur a crié : 'Vous me chalez !'"",""id"":75714},{""source"":""gemini"",""original_id"":""78535"",""pun"":""Un fabricant de foulards qui démissionne, c'est quelqu'un qui a le ras-le-bol du ras-du-cou."",""id"":51985}]"	pooled_rankings	"{""comedian"":0.0,""pun_expert"":0.0,""editor"":0.0,""translator"":100.0}"	"{""claude"":25.0,""gemini_pro"":25.0,""gpt"":25.0}"	"{""41762"":27500.0,""42917"":25000.0,""75714"":15000.0,""51985"":7500.0}"	"[{""id"":41762,""source"":""gpt_single"",""original_id"":"""",""score"":27500.0,""pun"":""Au souk, j’ai tellement marchandé que le vendeur m’a lancé : « Prends ton haïk et va faire un hike ! »""},{""id"":42917,""source"":""gemini_pro_single"",""original_id"":"""",""score"":25000.0,""pun"":""Au souk, le vendeur de haïks n'a pas supporté mon marchandage et m'a dit d'aller me rhabiller.""},{""id"":75714,""source"":""claude"",""original_id"":""26396"",""score"":15000.0,""pun"":""J'ai marchandé un châle au souk et le vendeur a crié : 'Vous me chalez !'""},{""id"":51985,""source"":""gemini"",""original_id"":""78535"",""score"":7500.0,""pun"":""Un fabricant de foulards qui démissionne, c'est quelqu'un qui a le ras-le-bol du ras-du-cou.""}]"	41762	gpt_single		Au souk, j’ai tellement marchandé que le vendeur m’a lancé : « Prends ton haïk et va faire un hike ! »	27500.0		discriminator_run2_v4
3344	The veterinarian had a great deal of trouble getting his dog to heel.	"[{""source"":""claude"",""original_id"":""55575"",""pun"":""Mon vétérinaire essaie d'apprendre le 'au pied' à son chien depuis six mois. À ce rythme, il finira podologue."",""id"":14674},{""source"":""gpt_single"",""original_id"":"""",""pun"":""Le véto criait « Talonne ! » ; son chien a entendu « t’as l’onguent ? » et lui a tendu la patte."",""id"":36813},{""source"":""gemini"",""original_id"":""68893"",""pun"":""Le chien de garde du chirurgien est très efficace, il a un sens de l'incision incroyable."",""id"":91019},{""source"":""gemini_pro_single"",""original_id"":"""",""pun"":""Comme son chien refusait de revenir au pied, le vétérinaire a dû lui faire une piqûre de rappel."",""id"":86519}]"	pooled_rankings	"{""comedian"":0.0,""pun_expert"":0.0,""editor"":0.0,""translator"":100.0}"	"{""claude"":25.0,""gemini_pro"":25.0,""gpt"":25.0}"	"{""86519"":30000.0,""14674"":22500.0,""36813"":15000.0,""91019"":7500.0}"	"[{""id"":86519,""source"":""gemini_pro_single"",""original_id"":"""",""score"":30000.0,""pun"":""Comme son chien refusait de revenir au pied, le vétérinaire a dû lui faire une piqûre de rappel.""},{""id"":14674,""source"":""claude"",""original_id"":""55575"",""score"":22500.0,""pun"":""Mon vétérinaire essaie d'apprendre le 'au pied' à son chien depuis six mois. À ce rythme, il finira podologue.""},{""id"":36813,""source"":""gpt_single"",""original_id"":"""",""score"":15000.0,""pun"":""Le véto criait « Talonne ! » ; son chien a entendu « t’as l’onguent ? » et lui a tendu la patte.""},{""id"":91019,""source"":""gemini"",""original_id"":""68893"",""score"":7500.0,""pun"":""Le chien de garde du chirurgien est très efficace, il a un sens de l'incision incroyable.""}]"	86519	gemini_pro_single		Comme son chien refusait de revenir au pied, le vétérinaire a dû lui faire une piqûre de rappel.	30000.0		discriminator_run2_v4
3345	The waiter was shocked when I asked for my salad to be served naked. I explained, no dressing please.	"[{""source"":""gpt_single"",""original_id"":"""",""pun"":""Le serveur a rougi quand j’ai demandé une salade au naturel : sans vinaigrette, pas en tenue d’Ève."",""id"":48587},{""source"":""gemini"",""original_id"":""70922"",""pun"":""Le serveur s'inquiétait de me voir manger ma salade en tenue d'Adam, mais je voulais juste qu'elle soit nature."",""id"":22027},{""source"":""gemini_pro_single"",""original_id"":"""",""pun"":""Le serveur était choqué quand j'ai demandé que mes pommes de terre soient servies toutes nues. J'ai dû préciser : pas en robe des champs, s'il vous plaît !"",""id"":42877},{""source"":""claude"",""original_id"":""96776"",""pun"":""Le serveur a été choqué quand j'ai demandé ma salade sans robe. Il ne savait pas que ça voulait dire sans vinaigrette."",""id"":87366}]"	pooled_rankings	"{""comedian"":0.0,""pun_expert"":0.0,""editor"":0.0,""translator"":100.0}"	"{""claude"":25.0,""gemini_pro"":25.0,""gpt"":25.0}"	"{""48587"":22500.0,""42877"":20000.0,""87366"":17500.0,""22027"":15000.0}"	"[{""id"":48587,""source"":""gpt_single"",""original_id"":"""",""score"":22500.0,""pun"":""Le serveur a rougi quand j’ai demandé une salade au naturel : sans vinaigrette, pas en tenue d’Ève.""},{""id"":42877,""source"":""gemini_pro_single"",""original_id"":"""",""score"":20000.0,""pun"":""Le serveur était choqué quand j'ai demandé que mes pommes de terre soient servies toutes nues. J'ai dû préciser : pas en robe des champs, s'il vous plaît !""},{""id"":87366,""source"":""claude"",""original_id"":""96776"",""score"":17500.0,""pun"":""Le serveur a été choqué quand j'ai demandé ma salade sans robe. Il ne savait pas que ça voulait dire sans vinaigrette.""},{""id"":22027,""source"":""gemini"",""original_id"":""70922"",""score"":15000.0,""pun"":""Le serveur s'inquiétait de me voir manger ma salade en tenue d'Adam, mais je voulais juste qu'elle soit nature.""}]"	48587	gpt_single		Le serveur a rougi quand j’ai demandé une salade au naturel : sans vinaigrette, pas en tenue d’Ève.	22500.0		discriminator_run2_v4
3346	The warden gave the inmates acne medicine hoping it would keep them from breaking out.	"[{""source"":""gemini"",""original_id"":""69652"",""pun"":""Les prisonniers acnéiques sont les plus dangereux car ils font toujours des percées."",""id"":45944},{""source"":""claude"",""original_id"":""21899"",""pun"":""Le gardien soignait les boutons des détenus avec soin — il avait horreur que quoi que ce soit éclate entre ses murs."",""id"":22076},{""source"":""gpt_single"",""original_id"":"""",""pun"":""Le directeur de prison a prescrit une crème anti-boutons aux détenus pour les empêcher de mettre les bouts."",""id"":85876},{""source"":""gemini_pro_single"",""original_id"":"""",""pun"":""Le directeur de la prison a confisqué la crème anti-acné des détenues de peur qu'elles ne se fassent la belle."",""id"":50739}]"	pooled_rankings	"{""comedian"":0.0,""pun_expert"":0.0,""editor"":0.0,""translator"":100.0}"	"{""claude"":25.0,""gemini_pro"":25.0,""gpt"":25.0}"	"{""85876"":30000.0,""50739"":22500.0,""22076"":12500.0,""45944"":10000.0}"	"[{""id"":85876,""source"":""gpt_single"",""original_id"":"""",""score"":30000.0,""pun"":""Le directeur de prison a prescrit une crème anti-boutons aux détenus pour les empêcher de mettre les bouts.""},{""id"":50739,""source"":""gemini_pro_single"",""original_id"":"""",""score"":22500.0,""pun"":""Le directeur de la prison a confisqué la crème anti-acné des détenues de peur qu'elles ne se fassent la belle.""},{""id"":22076,""source"":""claude"",""original_id"":""21899"",""score"":12500.0,""pun"":""Le gardien soignait les boutons des détenus avec soin — il avait horreur que quoi que ce soit éclate entre ses murs.""},{""id"":45944,""source"":""gemini"",""original_id"":""69652"",""score"":10000.0,""pun"":""Les prisonniers acnéiques sont les plus dangereux car ils font toujours des percées.""}]"	85876	gpt_single		Le directeur de prison a prescrit une crème anti-boutons aux détenus pour les empêcher de mettre les bouts.	30000.0		discriminator_run2_v4
3347	The water that makes your mouth water.	"[{""source"":""gpt_single"",""original_id"":"""",""pun"":""Voilà une eau qui met l’eau à la bouche."",""id"":88359},{""source"":""gemini_pro_single"",""original_id"":"""",""pun"":""L'eau qui vous met l'eau à la bouche."",""id"":78166},{""source"":""claude"",""original_id"":""10123"",""pun"":""L'eau qui met l'eau à la bouche — c'est de l'eau bouche-à-bouche !"",""id"":98817},{""source"":""gemini"",""original_id"":""70915"",""pun"":""Le banquier est devenu livide quand il a appris que son argent n'était plus liquide."",""id"":69979}]"	pooled_rankings	"{""comedian"":0.0,""pun_expert"":0.0,""editor"":0.0,""translator"":100.0}"	"{""claude"":25.0,""gemini_pro"":25.0,""gpt"":25.0}"	"{""78166"":25000.0,""88359"":22500.0,""98817"":20000.0,""69979"":7500.0}"	"[{""id"":78166,""source"":""gemini_pro_single"",""original_id"":"""",""score"":25000.0,""pun"":""L'eau qui vous met l'eau à la bouche.""},{""id"":88359,""source"":""gpt_single"",""original_id"":"""",""score"":22500.0,""pun"":""Voilà une eau qui met l’eau à la bouche.""},{""id"":98817,""source"":""claude"",""original_id"":""10123"",""score"":20000.0,""pun"":""L'eau qui met l'eau à la bouche — c'est de l'eau bouche-à-bouche !""},{""id"":69979,""source"":""gemini"",""original_id"":""70915"",""score"":7500.0,""pun"":""Le banquier est devenu livide quand il a appris que son argent n'était plus liquide.""}]"	78166	gemini_pro_single		L'eau qui vous met l'eau à la bouche.	25000.0		discriminator_run2_v4
3348	The weather bureau is an umbrella organization.	"[{""source"":""gemini"",""original_id"":""75718"",""pun"":""Une usine de parapluies qui ferme, c'est une entreprise qui tombe à l'eau."",""id"":91399},{""source"":""gemini_pro_single"",""original_id"":"""",""pun"":""Le service météo est une véritable organisation parapluie : au moindre pépin, ils se couvrent !"",""id"":16658},{""source"":""gpt_single"",""original_id"":"""",""pun"":""Météo-France est une organisation para-pluie : elle chapeaute toutes les averses."",""id"":82491},{""source"":""claude"",""original_id"":""83626"",""pun"":""Le service météo chapeaute toutes les divisions. Logique : eux, ils savent quand il faut se couvrir."",""id"":68409}]"	pooled_rankings	"{""comedian"":0.0,""pun_expert"":0.0,""editor"":0.0,""translator"":100.0}"	"{""claude"":25.0,""gemini_pro"":25.0,""gpt"":25.0}"	"{""82491"":27500.0,""16658"":25000.0,""68409"":15000.0,""91399"":7500.0}"	"[{""id"":82491,""source"":""gpt_single"",""original_id"":"""",""score"":27500.0,""pun"":""Météo-France est une organisation para-pluie : elle chapeaute toutes les averses.""},{""id"":16658,""source"":""gemini_pro_single"",""original_id"":"""",""score"":25000.0,""pun"":""Le service météo est une véritable organisation parapluie : au moindre pépin, ils se couvrent !""},{""id"":68409,""source"":""claude"",""original_id"":""83626"",""score"":15000.0,""pun"":""Le service météo chapeaute toutes les divisions. Logique : eux, ils savent quand il faut se couvrir.""},{""id"":91399,""source"":""gemini"",""original_id"":""75718"",""score"":7500.0,""pun"":""Une usine de parapluies qui ferme, c'est une entreprise qui tombe à l'eau.""}]"	82491	gpt_single		Météo-France est une organisation para-pluie : elle chapeaute toutes les averses.	27500.0		discriminator_run2_v4
3349	The weather man said there won't be any rain for 6 months, but I drought it.	"[{""source"":""gemini_pro_single"",""original_id"":"""",""pun"":""La météo annonce six mois sans pluie : personnellement, j'émets de sérieuses gouttes."",""id"":94704},{""source"":""claude"",""original_id"":""91595"",""pun"":""Le présentateur météo a dit qu'il n'y aurait pas de pluie pendant un an. Je n'y crois pas une goutte."",""id"":74689},{""source"":""gpt_single"",""original_id"":"""",""pun"":""La météo annonce six mois sans pluie ; j’y crois ? Je sèche."",""id"":43038},{""source"":""gemini"",""original_id"":""50440"",""pun"":""La météo annonce six mois sans eau. Je n'y crois pas trop, c'est une info qui tombe à l'eau."",""id"":80616}]"	pooled_rankings	"{""comedian"":0.0,""pun_expert"":0.0,""editor"":0.0,""translator"":100.0}"	"{""claude"":25.0,""gemini_pro"":25.0,""gpt"":25.0}"	"{""94704"":27500.0,""74689"":20000.0,""43038"":17500.0,""80616"":10000.0}"	"[{""id"":94704,""source"":""gemini_pro_single"",""original_id"":"""",""score"":27500.0,""pun"":""La météo annonce six mois sans pluie : personnellement, j'émets de sérieuses gouttes.""},{""id"":74689,""source"":""claude"",""original_id"":""91595"",""score"":20000.0,""pun"":""Le présentateur météo a dit qu'il n'y aurait pas de pluie pendant un an. Je n'y crois pas une goutte.""},{""id"":43038,""source"":""gpt_single"",""original_id"":"""",""score"":17500.0,""pun"":""La météo annonce six mois sans pluie ; j’y crois ? Je sèche.""},{""id"":80616,""source"":""gemini"",""original_id"":""50440"",""score"":10000.0,""pun"":""La météo annonce six mois sans eau. Je n'y crois pas trop, c'est une info qui tombe à l'eau.""}]"	94704	gemini_pro_single		La météo annonce six mois sans pluie : personnellement, j'émets de sérieuses gouttes.	27500.0		discriminator_run2_v4
3350	The weatherman who forecasted snow in July was a bit of a flake.	"[{""source"":""gemini_pro_single"",""original_id"":"""",""pun"":""Le présentateur météo qui annonce de la neige en plein mois de juillet est complètement givré."",""id"":27860},{""source"":""claude"",""original_id"":""88442"",""pun"":""Le météorologue prévoyait de la neige en juillet. Il était givré."",""id"":98020},{""source"":""gpt_single"",""original_id"":"""",""pun"":""Le météorologue qui annonce de la neige en juillet est complètement givré."",""id"":77629},{""source"":""gemini"",""original_id"":""67377"",""pun"":""Il ne faut jamais faire confiance à la météo : c'est un métier où l'on jette un froid sans le vouloir."",""id"":15438}]"	pooled_rankings	"{""comedian"":0.0,""pun_expert"":0.0,""editor"":0.0,""translator"":100.0}"	"{""claude"":25.0,""gemini_pro"":25.0,""gpt"":25.0}"	"{""98020"":25000.0,""77629"":22500.0,""27860"":20000.0,""15438"":7500.0}"	"[{""id"":98020,""source"":""claude"",""original_id"":""88442"",""score"":25000.0,""pun"":""Le météorologue prévoyait de la neige en juillet. Il était givré.""},{""id"":77629,""source"":""gpt_single"",""original_id"":"""",""score"":22500.0,""pun"":""Le météorologue qui annonce de la neige en juillet est complètement givré.""},{""id"":27860,""source"":""gemini_pro_single"",""original_id"":"""",""score"":20000.0,""pun"":""Le présentateur météo qui annonce de la neige en plein mois de juillet est complètement givré.""},{""id"":15438,""source"":""gemini"",""original_id"":""67377"",""score"":7500.0,""pun"":""Il ne faut jamais faire confiance à la météo : c'est un métier où l'on jette un froid sans le vouloir.""}]"	98020	claude	88442	Le météorologue prévoyait de la neige en juillet. Il était givré.	25000.0		discriminator_run2_v4
3351	The weekend reporter sailed through the newscasts while the anchor was aweigh.	"[{""source"":""gemini_pro_single"",""original_id"":"""",""pun"":""Le remplaçant a tenu la barre du JT pendant que le présentateur vedette avait levé l'ancre."",""id"":58039},{""source"":""gpt_single"",""original_id"":"""",""pun"":""Le remplaçant du week-end a présenté le JT sans se noyer : le titulaire avait levé l’ancre."",""id"":79314},{""source"":""gemini"",""original_id"":""86093"",""pun"":""Le présentateur remplaçant était comme un poisson dans l'eau de JT, car le titulaire avait jeté l'encre."",""id"":18367},{""source"":""claude"",""original_id"":""62287"",""pun"":""Le remplaçant a enchaîné les journaux télévisés pendant que la vedette était au large. On dit qu'il a mouillé… sa chemise !"",""id"":83386}]"	pooled_rankings	"{""comedian"":0.0,""pun_expert"":0.0,""editor"":0.0,""translator"":100.0}"	"{""claude"":25.0,""gemini_pro"":25.0,""gpt"":25.0}"	"{""79314"":27500.0,""58039"":25000.0,""83386"":12500.0,""18367"":10000.0}"	"[{""id"":79314,""source"":""gpt_single"",""original_id"":"""",""score"":27500.0,""pun"":""Le remplaçant du week-end a présenté le JT sans se noyer : le titulaire avait levé l’ancre.""},{""id"":58039,""source"":""gemini_pro_single"",""original_id"":"""",""score"":25000.0,""pun"":""Le remplaçant a tenu la barre du JT pendant que le présentateur vedette avait levé l'ancre.""},{""id"":83386,""source"":""claude"",""original_id"":""62287"",""score"":12500.0,""pun"":""Le remplaçant a enchaîné les journaux télévisés pendant que la vedette était au large. On dit qu'il a mouillé… sa chemise !""},{""id"":18367,""source"":""gemini"",""original_id"":""86093"",""score"":10000.0,""pun"":""Le présentateur remplaçant était comme un poisson dans l'eau de JT, car le titulaire avait jeté l'encre.""}]"	79314	gpt_single		Le remplaçant du week-end a présenté le JT sans se noyer : le titulaire avait levé l’ancre.	27500.0		discriminator_run2_v4
3352	The weigh-in at the Sumo wrestling tournament was a large scale effort.	"[{""source"":""gemini_pro_single"",""original_id"":"""",""pun"":""La pesée au tournoi de sumos fut un événement de poids."",""id"":44357},{""source"":""gpt_single"",""original_id"":"""",""pun"":""À la pesée des sumos, pas question de petite balance : c’était une opération à grande échelle."",""id"":93107},{""source"":""claude"",""original_id"":""98043"",""pun"":""Au tournoi de sumo, la pesée s'est faite à grande échelle — malheureusement, l'échelle a cédé."",""id"":59243},{""source"":""gemini"",""original_id"":""69317"",""pun"":""Pourquoi les sumos sont-ils si calmes ? Parce qu'ils pèsent bien leurs mots."",""id"":55871}]"	pooled_rankings	"{""comedian"":0.0,""pun_expert"":0.0,""editor"":0.0,""translator"":100.0}"	"{""claude"":25.0,""gemini_pro"":25.0,""gpt"":25.0}"	"{""93107"":27500.0,""44357"":20000.0,""59243"":20000.0,""55871"":7500.0}"	"[{""id"":93107,""source"":""gpt_single"",""original_id"":"""",""score"":27500.0,""pun"":""À la pesée des sumos, pas question de petite balance : c’était une opération à grande échelle.""},{""id"":44357,""source"":""gemini_pro_single"",""original_id"":"""",""score"":20000.0,""pun"":""La pesée au tournoi de sumos fut un événement de poids.""},{""id"":59243,""source"":""claude"",""original_id"":""98043"",""score"":20000.0,""pun"":""Au tournoi de sumo, la pesée s'est faite à grande échelle — malheureusement, l'échelle a cédé.""},{""id"":55871,""source"":""gemini"",""original_id"":""69317"",""score"":7500.0,""pun"":""Pourquoi les sumos sont-ils si calmes ? Parce qu'ils pèsent bien leurs mots.""}]"	93107	gpt_single		À la pesée des sumos, pas question de petite balance : c’était une opération à grande échelle.	27500.0		discriminator_run2_v4
3353	The wet look that never dries.	"[{""source"":""gemini_pro_single"",""original_id"":"""",""pun"":""Sur la tendance de l'effet mouillé, j'avoue que je sèche !"",""id"":43047},{""source"":""gemini"",""original_id"":""52519"",""pun"":""Quel est le comble pour un coiffeur ? C'est de finir à sec."",""id"":70876},{""source"":""gpt_single"",""original_id"":"""",""pun"":""Le wet look ne sèche jamais les cheveux, mais il sèche toujours la concurrence."",""id"":24764},{""source"":""claude"",""original_id"":""25997"",""pun"":""Mon brushing ne sèche jamais — c'est le seul truc dans ma vie qui est vraiment im-permanent."",""id"":86837}]"	pooled_rankings	"{""comedian"":0.0,""pun_expert"":0.0,""editor"":0.0,""translator"":100.0}"	"{""claude"":25.0,""gemini_pro"":25.0,""gpt"":25.0}"	"{""24764"":30000.0,""43047"":20000.0,""86837"":17500.0,""70876"":7500.0}"	"[{""id"":24764,""source"":""gpt_single"",""original_id"":"""",""score"":30000.0,""pun"":""Le wet look ne sèche jamais les cheveux, mais il sèche toujours la concurrence.""},{""id"":43047,""source"":""gemini_pro_single"",""original_id"":"""",""score"":20000.0,""pun"":""Sur la tendance de l'effet mouillé, j'avoue que je sèche !""},{""id"":86837,""source"":""claude"",""original_id"":""25997"",""score"":17500.0,""pun"":""Mon brushing ne sèche jamais — c'est le seul truc dans ma vie qui est vraiment im-permanent.""},{""id"":70876,""source"":""gemini"",""original_id"":""52519"",""score"":7500.0,""pun"":""Quel est le comble pour un coiffeur ? C'est de finir à sec.""}]"	24764	gpt_single		Le wet look ne sèche jamais les cheveux, mais il sèche toujours la concurrence.	30000.0		discriminator_run2_v4
3354	The whistling fisherman was always out of tuna.	"[{""source"":""gemini"",""original_id"":""40046"",""pun"":""Quel est le poisson le plus mélomane ? Le thon, car il donne toujours le la."",""id"":42440},{""source"":""gpt_single"",""original_id"":"""",""pun"":""Le pêcheur siffleur chantait faux : impossible pour lui de trouver le bon thon."",""id"":33903},{""source"":""claude"",""original_id"":""67033"",""pun"":""Le pêcheur sifflotait tout le temps — il était toujours dans le ton, mais jamais dans le thon."",""id"":43014},{""source"":""gemini_pro_single"",""original_id"":"""",""pun"":""Le pêcheur sifflotait tout le temps, mais il n'était jamais dans le thon."",""id"":65844}]"	pooled_rankings	"{""comedian"":0.0,""pun_expert"":0.0,""editor"":0.0,""translator"":100.0}"	"{""claude"":25.0,""gemini_pro"":25.0,""gpt"":25.0}"	"{""65844"":25000.0,""33903"":22500.0,""43014"":20000.0,""42440"":7500.0}"	"[{""id"":65844,""source"":""gemini_pro_single"",""original_id"":"""",""score"":25000.0,""pun"":""Le pêcheur sifflotait tout le temps, mais il n'était jamais dans le thon.""},{""id"":33903,""source"":""gpt_single"",""original_id"":"""",""score"":22500.0,""pun"":""Le pêcheur siffleur chantait faux : impossible pour lui de trouver le bon thon.""},{""id"":43014,""source"":""claude"",""original_id"":""67033"",""score"":20000.0,""pun"":""Le pêcheur sifflotait tout le temps — il était toujours dans le ton, mais jamais dans le thon.""},{""id"":42440,""source"":""gemini"",""original_id"":""40046"",""score"":7500.0,""pun"":""Quel est le poisson le plus mélomane ? Le thon, car il donne toujours le la.""}]"	65844	gemini_pro_single		Le pêcheur sifflotait tout le temps, mais il n'était jamais dans le thon.	25000.0		discriminator_run2_v4
3355	The white beets were returned to the produce supplier because they were chard beyond recognition.	"[{""source"":""claude"",""original_id"":""51620"",""pun"":""Le légumier a retourné les betteraves brûlées : elles avaient été incinérées au point d'être méconnaissables. Il a dit : 'Je commande des betteraves, pas des cendres de betteraves !'"",""id"":25231},{""source"":""gemini"",""original_id"":""76939"",""pun"":""Ces légumes ont été exclus de l'épicerie : ils étaient trop chards."",""id"":71599},{""source"":""gpt_single"",""original_id"":"""",""pun"":""Le fournisseur a repris les betteraves blanches : après l’incendie, c’était le blette-out total."",""id"":47876},{""source"":""gemini_pro_single"",""original_id"":"""",""pun"":""Les légumes carbonisés ont été renvoyés au fournisseur, le client refusant fermement de se faire carotter."",""id"":32919}]"	pooled_rankings	"{""comedian"":0.0,""pun_expert"":0.0,""editor"":0.0,""translator"":100.0}"	"{""claude"":25.0,""gemini_pro"":25.0,""gpt"":25.0}"	"{""47876"":30000.0,""32919"":20000.0,""25231"":15000.0,""71599"":10000.0}"	"[{""id"":47876,""source"":""gpt_single"",""original_id"":"""",""score"":30000.0,""pun"":""Le fournisseur a repris les betteraves blanches : après l’incendie, c’était le blette-out total.""},{""id"":32919,""source"":""gemini_pro_single"",""original_id"":"""",""score"":20000.0,""pun"":""Les légumes carbonisés ont été renvoyés au fournisseur, le client refusant fermement de se faire carotter.""},{""id"":25231,""source"":""claude"",""original_id"":""51620"",""score"":15000.0,""pun"":""Le légumier a retourné les betteraves brûlées : elles avaient été incinérées au point d'être méconnaissables. Il a dit : 'Je commande des betteraves, pas des cendres de betteraves !'""},{""id"":71599,""source"":""gemini"",""original_id"":""76939"",""score"":10000.0,""pun"":""Ces légumes ont été exclus de l'épicerie : ils étaient trop chards.""}]"	47876	gpt_single		Le fournisseur a repris les betteraves blanches : après l’incendie, c’était le blette-out total.	30000.0		discriminator_run2_v4
3356	The winter drive-by shooting was a slay ride.	"[{""source"":""gemini_pro_single"",""original_id"":"""",""pun"":""Ce drive-by sous la neige s'est transformé en une véritable bataille de balles de neige."",""id"":95958},{""source"":""gpt_single"",""original_id"":"""",""pun"":""Leur fusillade en traîneau, c’était le seul traîneau qui te traîne au cimetière."",""id"":95404},{""source"":""gemini"",""original_id"":""35345"",""pun"":""Il a tué son rival dans la neige : c'était un meurtre de sang-froid."",""id"":89099},{""source"":""claude"",""original_id"":""28037"",""pun"":""La fusillade hivernale en traîneau ? On appelle ça un règlement de comptes à grelots."",""id"":99102}]"	pooled_rankings	"{""comedian"":0.0,""pun_expert"":0.0,""editor"":0.0,""translator"":100.0}"	"{""claude"":25.0,""gemini_pro"":25.0,""gpt"":25.0}"	"{""95404"":25000.0,""99102"":25000.0,""95958"":15000.0,""89099"":10000.0}"	"[{""id"":95404,""source"":""gpt_single"",""original_id"":"""",""score"":25000.0,""pun"":""Leur fusillade en traîneau, c’était le seul traîneau qui te traîne au cimetière.""},{""id"":99102,""source"":""claude"",""original_id"":""28037"",""score"":25000.0,""pun"":""La fusillade hivernale en traîneau ? On appelle ça un règlement de comptes à grelots.""},{""id"":95958,""source"":""gemini_pro_single"",""original_id"":"""",""score"":15000.0,""pun"":""Ce drive-by sous la neige s'est transformé en une véritable bataille de balles de neige.""},{""id"":89099,""source"":""gemini"",""original_id"":""35345"",""score"":10000.0,""pun"":""Il a tué son rival dans la neige : c'était un meurtre de sang-froid.""}]"	95404	gpt_single		Leur fusillade en traîneau, c’était le seul traîneau qui te traîne au cimetière.	25000.0		discriminator_run2_v4
3357	The wor(l)d is yours.	"[{""source"":""gpt_single"",""original_id"":"""",""pun"":""Prends la parole : le mot(nde) est à toi."",""id"":62714},{""source"":""gemini"",""original_id"":""25002"",""pun"":""Un traducteur sur un bateau, c'est un interprète de mer."",""id"":60730},{""source"":""gemini_pro_single"",""original_id"":"""",""pun"":""Le mot(nde) est à toi."",""id"":31879},{""source"":""claude"",""original_id"":""17441"",""pun"":""Il a le dernier mot — et vu sa taille, c'est déjà tout un monde."",""id"":64757}]"	pooled_rankings	"{""comedian"":0.0,""pun_expert"":0.0,""editor"":0.0,""translator"":100.0}"	"{""claude"":25.0,""gemini_pro"":25.0,""gpt"":25.0}"	"{""62714"":27500.0,""31879"":25000.0,""64757"":15000.0,""60730"":7500.0}"	"[{""id"":62714,""source"":""gpt_single"",""original_id"":"""",""score"":27500.0,""pun"":""Prends la parole : le mot(nde) est à toi.""},{""id"":31879,""source"":""gemini_pro_single"",""original_id"":"""",""score"":25000.0,""pun"":""Le mot(nde) est à toi.""},{""id"":64757,""source"":""claude"",""original_id"":""17441"",""score"":15000.0,""pun"":""Il a le dernier mot — et vu sa taille, c'est déjà tout un monde.""},{""id"":60730,""source"":""gemini"",""original_id"":""25002"",""score"":7500.0,""pun"":""Un traducteur sur un bateau, c'est un interprète de mer.""}]"	62714	gpt_single		Prends la parole : le mot(nde) est à toi.	27500.0		discriminator_run2_v4
3358	"The word ""ovine"" means just like ewe."	"[{""source"":""gemini"",""original_id"":""23458"",""pun"":""Qu'est-ce qu'un mouton qui travaille à la banque ? Un compte-laine."",""id"":18327},{""source"":""gemini_pro_single"",""original_id"":"""",""pun"":""La brebis murmura au bélier : « Tu es bien troupeau pour être vrai ! »"",""id"":48084},{""source"":""claude"",""original_id"":""35537"",""pun"":""La brebis a dit au berger : 'Tu me laines tomber !'"",""id"":50871},{""source"":""gpt_single"",""original_id"":"""",""pun"":""À une brebis, « tu es belle » devient forcément « tu bêles »."",""id"":36692}]"	pooled_rankings	"{""comedian"":0.0,""pun_expert"":0.0,""editor"":0.0,""translator"":100.0}"	"{""claude"":25.0,""gemini_pro"":25.0,""gpt"":25.0}"	"{""36692"":30000.0,""50871"":20000.0,""48084"":15000.0,""18327"":10000.0}"	"[{""id"":36692,""source"":""gpt_single"",""original_id"":"""",""score"":30000.0,""pun"":""À une brebis, « tu es belle » devient forcément « tu bêles ».""},{""id"":50871,""source"":""claude"",""original_id"":""35537"",""score"":20000.0,""pun"":""La brebis a dit au berger : 'Tu me laines tomber !'""},{""id"":48084,""source"":""gemini_pro_single"",""original_id"":"""",""score"":15000.0,""pun"":""La brebis murmura au bélier : « Tu es bien troupeau pour être vrai ! »""},{""id"":18327,""source"":""gemini"",""original_id"":""23458"",""score"":10000.0,""pun"":""Qu'est-ce qu'un mouton qui travaille à la banque ? Un compte-laine.""}]"	36692	gpt_single		À une brebis, « tu es belle » devient forcément « tu bêles ».	30000.0		discriminator_run2_v4
3359	The workers at that inn are very unfriendly. They create a hostel environment.	"[{""source"":""gemini"",""original_id"":""55183"",""pun"":""Les gérants de cette auberge sont agressifs, on peut dire que c'est un milieu très hostel."",""id"":92397},{""source"":""gemini_pro_single"",""original_id"":"""",""pun"":""Les employés de cette auberge sont très désagréables. Ils ont vraiment le sens de l'hostilité."",""id"":14038},{""source"":""gpt_single"",""original_id"":"""",""pun"":""Dans cet hôtel, l’accueil est tellement froid qu’on ne dit plus « hôtel », on dit « hostile »."",""id"":20768},{""source"":""claude"",""original_id"":""91410"",""pun"":""Les employés de l'auberge sont si hostiles qu'on ne sait plus si on est hébergé ou assiégé."",""id"":96148}]"	pooled_rankings	"{""comedian"":0.0,""pun_expert"":0.0,""editor"":0.0,""translator"":100.0}"	"{""claude"":25.0,""gemini_pro"":25.0,""gpt"":25.0}"	"{""14038"":30000.0,""20768"":20000.0,""96148"":15000.0,""92397"":10000.0}"	"[{""id"":14038,""source"":""gemini_pro_single"",""original_id"":"""",""score"":30000.0,""pun"":""Les employés de cette auberge sont très désagréables. Ils ont vraiment le sens de l'hostilité.""},{""id"":20768,""source"":""gpt_single"",""original_id"":"""",""score"":20000.0,""pun"":""Dans cet hôtel, l’accueil est tellement froid qu’on ne dit plus « hôtel », on dit « hostile ».""},{""id"":96148,""source"":""claude"",""original_id"":""91410"",""score"":15000.0,""pun"":""Les employés de l'auberge sont si hostiles qu'on ne sait plus si on est hébergé ou assiégé.""},{""id"":92397,""source"":""gemini"",""original_id"":""55183"",""score"":10000.0,""pun"":""Les gérants de cette auberge sont agressifs, on peut dire que c'est un milieu très hostel.""}]"	14038	gemini_pro_single		Les employés de cette auberge sont très désagréables. Ils ont vraiment le sens de l'hostilité.	30000.0		discriminator_run2_v4
3360	The world at your feet.	"[{""source"":""gemini_pro_single"",""original_id"":"""",""pun"":""Ce célèbre podologue a tellement de succès qu'il a le monde à ses pieds."",""id"":36269},{""source"":""gpt_single"",""original_id"":"""",""pun"":""Le monde à mes pieds, c’est flatteur… mais en mètres, ça donne quoi ?"",""id"":65597},{""source"":""claude"",""original_id"":""50440"",""pun"":""Avoir le monde à ses pieds, c'est romantique. Avoir le monde dans ses pieds, c'est de la goutte."",""id"":66817},{""source"":""gemini"",""original_id"":""50289"",""pun"":""Il voulait le monde à ses pieds, alors il a acheté un tapis mappemonde."",""id"":45003}]"	pooled_rankings	"{""comedian"":0.0,""pun_expert"":0.0,""editor"":0.0,""translator"":100.0}"	"{""claude"":25.0,""gemini_pro"":25.0,""gpt"":25.0}"	"{""36269"":22500.0,""45003"":22500.0,""65597"":17500.0,""66817"":12500.0}"	"[{""id"":36269,""source"":""gemini_pro_single"",""original_id"":"""",""score"":22500.0,""pun"":""Ce célèbre podologue a tellement de succès qu'il a le monde à ses pieds.""},{""id"":45003,""source"":""gemini"",""original_id"":""50289"",""score"":22500.0,""pun"":""Il voulait le monde à ses pieds, alors il a acheté un tapis mappemonde.""},{""id"":65597,""source"":""gpt_single"",""original_id"":"""",""score"":17500.0,""pun"":""Le monde à mes pieds, c’est flatteur… mais en mètres, ça donne quoi ?""},{""id"":66817,""source"":""claude"",""original_id"":""50440"",""score"":12500.0,""pun"":""Avoir le monde à ses pieds, c'est romantique. Avoir le monde dans ses pieds, c'est de la goutte.""}]"	36269	gemini_pro_single		Ce célèbre podologue a tellement de succès qu'il a le monde à ses pieds.	22500.0		discriminator_run2_v4
3361	The young pine sapling was admonished by his father. Apparently he'd been knotty.	"[{""source"":""claude"",""original_id"":""95394"",""pun"":""Le père sapin a grondé son fils : 'Tu es indiscipliné !' Le fils a répondu : 'C'est dans ma nature, je suis plein de nœuds.'"",""id"":98959},{""source"":""gpt_single"",""original_id"":"""",""pun"":""Le jeune pin s’est fait enguirlander par son père : il était vraiment mal élevé."",""id"":24724},{""source"":""gemini"",""original_id"":""51611"",""pun"":""Le jeune bouleau a été renvoyé de l'école car il ne faisait pas son boulot."",""id"":33186},{""source"":""gemini_pro_single"",""original_id"":"""",""pun"":""Le petit sapin n'avait pas été sage, son père l'a donc copieusement enguirlandé."",""id"":24301}]"	pooled_rankings	"{""comedian"":0.0,""pun_expert"":0.0,""editor"":0.0,""translator"":100.0}"	"{""claude"":25.0,""gemini_pro"":25.0,""gpt"":25.0}"	"{""24724"":25000.0,""24301"":22500.0,""98959"":20000.0,""33186"":7500.0}"	"[{""id"":24724,""source"":""gpt_single"",""original_id"":"""",""score"":25000.0,""pun"":""Le jeune pin s’est fait enguirlander par son père : il était vraiment mal élevé.""},{""id"":24301,""source"":""gemini_pro_single"",""original_id"":"""",""score"":22500.0,""pun"":""Le petit sapin n'avait pas été sage, son père l'a donc copieusement enguirlandé.""},{""id"":98959,""source"":""claude"",""original_id"":""95394"",""score"":20000.0,""pun"":""Le père sapin a grondé son fils : 'Tu es indiscipliné !' Le fils a répondu : 'C'est dans ma nature, je suis plein de nœuds.'""},{""id"":33186,""source"":""gemini"",""original_id"":""51611"",""score"":7500.0,""pun"":""Le jeune bouleau a été renvoyé de l'école car il ne faisait pas son boulot.""}]"	24724	gpt_single		Le jeune pin s’est fait enguirlander par son père : il était vraiment mal élevé.	25000.0		discriminator_run2_v4
3362	"""Then I'll test you! With my Moss Surprise!"" I'm afraid the moss is growing under our feet as we wait, Ms. Starr."	"[{""source"":""gpt_single"",""original_id"":"""",""pun"":""On se dépêche, Mme Mousse : à force d’attendre, la mousse nous pousse sous les pieds."",""id"":62820},{""source"":""claude"",""original_id"":""51052"",""pun"":""Pierre qui roule n'amasse pas mousse — mais Pierre qui attend au bureau, lui, en est couvert."",""id"":27955},{""source"":""gemini_pro_single"",""original_id"":"""",""pun"":""À force d'attendre notre jeune mousse, c'est la mousse qui a fini par pousser sous nos pieds !"",""id"":10316},{""source"":""gemini"",""original_id"":""46234"",""pun"":""Quand la mousse arrive, le jardinier se rase les murs."",""id"":74455}]"	pooled_rankings	"{""comedian"":0.0,""pun_expert"":0.0,""editor"":0.0,""translator"":100.0}"	"{""claude"":25.0,""gemini_pro"":25.0,""gpt"":25.0}"	"{""62820"":30000.0,""10316"":22500.0,""27955"":15000.0,""74455"":7500.0}"	"[{""id"":62820,""source"":""gpt_single"",""original_id"":"""",""score"":30000.0,""pun"":""On se dépêche, Mme Mousse : à force d’attendre, la mousse nous pousse sous les pieds.""},{""id"":10316,""source"":""gemini_pro_single"",""original_id"":"""",""score"":22500.0,""pun"":""À force d'attendre notre jeune mousse, c'est la mousse qui a fini par pousser sous nos pieds !""},{""id"":27955,""source"":""claude"",""original_id"":""51052"",""score"":15000.0,""pun"":""Pierre qui roule n'amasse pas mousse — mais Pierre qui attend au bureau, lui, en est couvert.""},{""id"":74455,""source"":""gemini"",""original_id"":""46234"",""score"":7500.0,""pun"":""Quand la mousse arrive, le jardinier se rase les murs.""}]"	62820	gpt_single		On se dépêche, Mme Mousse : à force d’attendre, la mousse nous pousse sous les pieds.	30000.0		discriminator_run2_v4
3363	"Then there was the occasion I spotted a health-oriented cafe displaying a sign reading ""California Shakes."" Obviously, I thought."	"[{""source"":""gemini"",""original_id"":""94511"",""pun"":""Ne demandez jamais un shaker à San Francisco, la ville s'en occupe déjà."",""id"":96568},{""source"":""claude"",""original_id"":""11950"",""pun"":""Ce café bio affichait : 'Nos boissons vous feront vibrer.' En Californie, c'est plutôt le sol qui s'en charge."",""id"":16994},{""source"":""gemini_pro_single"",""original_id"":"""",""pun"":""En Californie, j'ai vu un bar à jus dont la pancarte proposait de déguster un « Tremblement de verre ». Vu les secousses de la région, ça m'a semblé tout à fait logique."",""id"":95252},{""source"":""gpt_single"",""original_id"":"""",""pun"":""Dans un café bien-être, le smoothie « Secousse californienne » m’a paru logique : avec San Andreas, là-bas, tout se boit frappé."",""id"":56903}]"	pooled_rankings	"{""comedian"":0.0,""pun_expert"":0.0,""editor"":0.0,""translator"":100.0}"	"{""claude"":25.0,""gemini_pro"":25.0,""gpt"":25.0}"	"{""56903"":27500.0,""95252"":25000.0,""16994"":15000.0,""96568"":7500.0}"	"[{""id"":56903,""source"":""gpt_single"",""original_id"":"""",""score"":27500.0,""pun"":""Dans un café bien-être, le smoothie « Secousse californienne » m’a paru logique : avec San Andreas, là-bas, tout se boit frappé.""},{""id"":95252,""source"":""gemini_pro_single"",""original_id"":"""",""score"":25000.0,""pun"":""En Californie, j'ai vu un bar à jus dont la pancarte proposait de déguster un « Tremblement de verre ». Vu les secousses de la région, ça m'a semblé tout à fait logique.""},{""id"":16994,""source"":""claude"",""original_id"":""11950"",""score"":15000.0,""pun"":""Ce café bio affichait : 'Nos boissons vous feront vibrer.' En Californie, c'est plutôt le sol qui s'en charge.""},{""id"":96568,""source"":""gemini"",""original_id"":""94511"",""score"":7500.0,""pun"":""Ne demandez jamais un shaker à San Francisco, la ville s'en occupe déjà.""}]"	56903	gpt_single		Dans un café bien-être, le smoothie « Secousse californienne » m’a paru logique : avec San Andreas, là-bas, tout se boit frappé.	27500.0		discriminator_run2_v4
3364	Then... silence. Dead silence.	"[{""source"":""claude"",""original_id"":""16449"",""pun"":""Un silence de mort s'installa. Les morts, eux, trouvèrent ça normal."",""id"":47209},{""source"":""gpt_single"",""original_id"":"""",""pun"":""Puis… silence de mort : même le bruit a rendu l’âme."",""id"":78076},{""source"":""gemini_pro_single"",""original_id"":"""",""pun"":""Et puis... le silence. Un silence de mort."",""id"":52767},{""source"":""gemini"",""original_id"":""85478"",""pun"":""On a enterré le mime en silence. Il n'a pas dit son dernier mot."",""id"":71765}]"	pooled_rankings	"{""comedian"":0.0,""pun_expert"":0.0,""editor"":0.0,""translator"":100.0}"	"{""claude"":25.0,""gemini_pro"":25.0,""gpt"":25.0}"	"{""52767"":27500.0,""78076"":25000.0,""47209"":15000.0,""71765"":7500.0}"	"[{""id"":52767,""source"":""gemini_pro_single"",""original_id"":"""",""score"":27500.0,""pun"":""Et puis... le silence. Un silence de mort.""},{""id"":78076,""source"":""gpt_single"",""original_id"":"""",""score"":25000.0,""pun"":""Puis… silence de mort : même le bruit a rendu l’âme.""},{""id"":47209,""source"":""claude"",""original_id"":""16449"",""score"":15000.0,""pun"":""Un silence de mort s'installa. Les morts, eux, trouvèrent ça normal.""},{""id"":71765,""source"":""gemini"",""original_id"":""85478"",""score"":7500.0,""pun"":""On a enterré le mime en silence. Il n'a pas dit son dernier mot.""}]"	52767	gemini_pro_single		Et puis... le silence. Un silence de mort.	27500.0		discriminator_run2_v4
3365	There are a lot of bakeries on the yeast coast.	"[{""source"":""gpt_single"",""original_id"":"""",""pun"":""Normal qu’il y ait autant de boulangeries sur la Côte du Levain."",""id"":33523},{""source"":""gemini_pro_single"",""original_id"":"""",""pun"":""Les meilleures boulangeries américaines se trouvent sur la Croûte Est."",""id"":81577},{""source"":""gemini"",""original_id"":""39495"",""pun"":""Comment appelle-t-on un pain qui voyage vers l'Orient ? Un pain d'épice-est."",""id"":24631},{""source"":""claude"",""original_id"":""76655"",""pun"":""J'ai ouvert une boulangerie à l'Est. Les affaires ? Ça lève !"",""id"":37859}]"	pooled_rankings	"{""comedian"":0.0,""pun_expert"":0.0,""editor"":0.0,""translator"":100.0}"	"{""claude"":25.0,""gemini_pro"":25.0,""gpt"":25.0}"	"{""33523"":25000.0,""81577"":25000.0,""37859"":17500.0,""24631"":7500.0}"	"[{""id"":33523,""source"":""gpt_single"",""original_id"":"""",""score"":25000.0,""pun"":""Normal qu’il y ait autant de boulangeries sur la Côte du Levain.""},{""id"":81577,""source"":""gemini_pro_single"",""original_id"":"""",""score"":25000.0,""pun"":""Les meilleures boulangeries américaines se trouvent sur la Croûte Est.""},{""id"":37859,""source"":""claude"",""original_id"":""76655"",""score"":17500.0,""pun"":""J'ai ouvert une boulangerie à l'Est. Les affaires ? Ça lève !""},{""id"":24631,""source"":""gemini"",""original_id"":""39495"",""score"":7500.0,""pun"":""Comment appelle-t-on un pain qui voyage vers l'Orient ? Un pain d'épice-est.""}]"	33523	gpt_single		Normal qu’il y ait autant de boulangeries sur la Côte du Levain.	25000.0		discriminator_run2_v4
3366	There are many judges who would like to acquit smoking.	"[{""source"":""gemini_pro_single"",""original_id"":"""",""pun"":""Beaucoup de juges n'arrivent pas à arrêter la cigarette : les arrestations, c'est le travail de la police !"",""id"":86692},{""source"":""gpt_single"",""original_id"":"""",""pun"":""Au procès de la cigarette, bien des juges veulent l’acquitter… et surtout la quitter."",""id"":76081},{""source"":""claude"",""original_id"":""32082"",""pun"":""Le procureur a demandé la peine maximale contre la cigarette. Le juge a soufflé : 'Relaxe !'"",""id"":34339},{""source"":""gemini"",""original_id"":""44517"",""pun"":""Pourquoi les avocats ne sont-ils jamais bronzés ? Parce qu'ils passent leur vie à l'ombre."",""id"":58325}]"	pooled_rankings	"{""comedian"":0.0,""pun_expert"":0.0,""editor"":0.0,""translator"":100.0}"	"{""claude"":25.0,""gemini_pro"":25.0,""gpt"":25.0}"	"{""76081"":30000.0,""86692"":20000.0,""34339"":17500.0,""58325"":7500.0}"	"[{""id"":76081,""source"":""gpt_single"",""original_id"":"""",""score"":30000.0,""pun"":""Au procès de la cigarette, bien des juges veulent l’acquitter… et surtout la quitter.""},{""id"":86692,""source"":""gemini_pro_single"",""original_id"":"""",""score"":20000.0,""pun"":""Beaucoup de juges n'arrivent pas à arrêter la cigarette : les arrestations, c'est le travail de la police !""},{""id"":34339,""source"":""claude"",""original_id"":""32082"",""score"":17500.0,""pun"":""Le procureur a demandé la peine maximale contre la cigarette. Le juge a soufflé : 'Relaxe !'""},{""id"":58325,""source"":""gemini"",""original_id"":""44517"",""score"":7500.0,""pun"":""Pourquoi les avocats ne sont-ils jamais bronzés ? Parce qu'ils passent leur vie à l'ombre.""}]"	76081	gpt_single		Au procès de la cigarette, bien des juges veulent l’acquitter… et surtout la quitter.	30000.0		discriminator_run2_v4
3367	There is a growing body of obesity research.	"[{""source"":""gpt_single"",""original_id"":"""",""pun"":""Le corpus d’études sur l’obésité est croissant : à force, même la recherche prend du poids."",""id"":99785},{""source"":""gemini"",""original_id"":""62286"",""pun"":""On a demandé aux experts en obésité de ne pas trop grossir les chiffres."",""id"":38625},{""source"":""claude"",""original_id"":""35345"",""pun"":""Il existe un corpus grossissant sur la recherche en obésité."",""id"":30449},{""source"":""gemini_pro_single"",""original_id"":"""",""pun"":""La recherche sur l'obésité prend de plus en plus de poids."",""id"":57189}]"	pooled_rankings	"{""comedian"":0.0,""pun_expert"":0.0,""editor"":0.0,""translator"":100.0}"	"{""claude"":25.0,""gemini_pro"":25.0,""gpt"":25.0}"	"{""99785"":25000.0,""57189"":22500.0,""30449"":20000.0,""38625"":7500.0}"	"[{""id"":99785,""source"":""gpt_single"",""original_id"":"""",""score"":25000.0,""pun"":""Le corpus d’études sur l’obésité est croissant : à force, même la recherche prend du poids.""},{""id"":57189,""source"":""gemini_pro_single"",""original_id"":"""",""score"":22500.0,""pun"":""La recherche sur l'obésité prend de plus en plus de poids.""},{""id"":30449,""source"":""claude"",""original_id"":""35345"",""score"":20000.0,""pun"":""Il existe un corpus grossissant sur la recherche en obésité.""},{""id"":38625,""source"":""gemini"",""original_id"":""62286"",""score"":7500.0,""pun"":""On a demandé aux experts en obésité de ne pas trop grossir les chiffres.""}]"	99785	gpt_single		Le corpus d’études sur l’obésité est croissant : à force, même la recherche prend du poids.	25000.0		discriminator_run2_v4
3368	There is nothing worse for a performer than an audience of drunks and their boos.	"[{""source"":""gemini"",""original_id"":""79527"",""pun"":""Pour un acteur nul devant des buveurs de whisky, ce n'est pas un triomphe, c'est le malt qui est fait."",""id"":44635},{""source"":""claude"",""original_id"":""34810"",""pun"":""Le pire public pour un chanteur ? Les ivrognes. Ils sifflent tout, sauf leurs verres."",""id"":87130},{""source"":""gpt_single"",""original_id"":"""",""pun"":""Le pire public pour un artiste, c’est une salle bourrée : elle sert des huées bien tassées."",""id"":76264},{""source"":""gemini_pro_single"",""original_id"":"""",""pun"":""Rien de pire pour un artiste qu'un public d'ivrognes : ils ont la fâcheuse habitude de tout siffler."",""id"":68835}]"	pooled_rankings	"{""comedian"":0.0,""pun_expert"":0.0,""editor"":0.0,""translator"":100.0}"	"{""claude"":25.0,""gemini_pro"":25.0,""gpt"":25.0}"	"{""68835"":30000.0,""76264"":20000.0,""87130"":17500.0,""44635"":7500.0}"	"[{""id"":68835,""source"":""gemini_pro_single"",""original_id"":"""",""score"":30000.0,""pun"":""Rien de pire pour un artiste qu'un public d'ivrognes : ils ont la fâcheuse habitude de tout siffler.""},{""id"":76264,""source"":""gpt_single"",""original_id"":"""",""score"":20000.0,""pun"":""Le pire public pour un artiste, c’est une salle bourrée : elle sert des huées bien tassées.""},{""id"":87130,""source"":""claude"",""original_id"":""34810"",""score"":17500.0,""pun"":""Le pire public pour un chanteur ? Les ivrognes. Ils sifflent tout, sauf leurs verres.""},{""id"":44635,""source"":""gemini"",""original_id"":""79527"",""score"":7500.0,""pun"":""Pour un acteur nul devant des buveurs de whisky, ce n'est pas un triomphe, c'est le malt qui est fait.""}]"	68835	gemini_pro_single		Rien de pire pour un artiste qu'un public d'ivrognes : ils ont la fâcheuse habitude de tout siffler.	30000.0		discriminator_run2_v4
3369	There is only one way to open the door and that is the key.	"[{""source"":""claude"",""original_id"":""25381"",""pun"":""Pourquoi le serrurier est-il si intelligent ? Parce qu'il a toujours la clé des problèmes."",""id"":81864},{""source"":""gemini"",""original_id"":""80834"",""pun"":""On a demandé au serrurier son secret pour réussir, il a répondu que c'était la clé du succès."",""id"":51240},{""source"":""gpt_single"",""original_id"":"""",""pun"":""La clé du problème, c’est la clé de la porte."",""id"":65224},{""source"":""gemini_pro_single"",""original_id"":"""",""pun"":""Pour ouvrir cette porte, le secret, c'est la clé."",""id"":61685}]"	pooled_rankings	"{""comedian"":0.0,""pun_expert"":0.0,""editor"":0.0,""translator"":100.0}"	"{""claude"":25.0,""gemini_pro"":25.0,""gpt"":25.0}"	"{""61685"":30000.0,""65224"":22500.0,""51240"":12500.0,""81864"":10000.0}"	"[{""id"":61685,""source"":""gemini_pro_single"",""original_id"":"""",""score"":30000.0,""pun"":""Pour ouvrir cette porte, le secret, c'est la clé.""},{""id"":65224,""source"":""gpt_single"",""original_id"":"""",""score"":22500.0,""pun"":""La clé du problème, c’est la clé de la porte.""},{""id"":51240,""source"":""gemini"",""original_id"":""80834"",""score"":12500.0,""pun"":""On a demandé au serrurier son secret pour réussir, il a répondu que c'était la clé du succès.""},{""id"":81864,""source"":""claude"",""original_id"":""25381"",""score"":10000.0,""pun"":""Pourquoi le serrurier est-il si intelligent ? Parce qu'il a toujours la clé des problèmes.""}]"	61685	gemini_pro_single		Pour ouvrir cette porte, le secret, c'est la clé.	30000.0		discriminator_run2_v4
3370	There is rarely a sale on beer because the demand is always high so there's no need to create a buzz.	"[{""source"":""gpt_single"",""original_id"":"""",""pun"":""La bière est rarement en promo : son buzz monte déjà tout seul à la tête."",""id"":19907},{""source"":""gemini"",""original_id"":""88005"",""pun"":""On baisse rarement le prix de la bière : quand la demande est là, la pression monte toute seule."",""id"":16510},{""source"":""claude"",""original_id"":""48771"",""pun"":""Inutile de faire mousser la bière dans les médias — elle se fait mousser toute seule."",""id"":64920},{""source"":""gemini_pro_single"",""original_id"":"""",""pun"":""Il y a rarement des promos sur la bière : inutile de faire le buzz quand on sait déjà se faire mousser."",""id"":73848}]"	pooled_rankings	"{""comedian"":0.0,""pun_expert"":0.0,""editor"":0.0,""translator"":100.0}"	"{""claude"":25.0,""gemini_pro"":25.0,""gpt"":25.0}"	"{""73848"":27500.0,""16510"":25000.0,""19907"":12500.0,""64920"":10000.0}"	"[{""id"":73848,""source"":""gemini_pro_single"",""original_id"":"""",""score"":27500.0,""pun"":""Il y a rarement des promos sur la bière : inutile de faire le buzz quand on sait déjà se faire mousser.""},{""id"":16510,""source"":""gemini"",""original_id"":""88005"",""score"":25000.0,""pun"":""On baisse rarement le prix de la bière : quand la demande est là, la pression monte toute seule.""},{""id"":19907,""source"":""gpt_single"",""original_id"":"""",""score"":12500.0,""pun"":""La bière est rarement en promo : son buzz monte déjà tout seul à la tête.""},{""id"":64920,""source"":""claude"",""original_id"":""48771"",""score"":10000.0,""pun"":""Inutile de faire mousser la bière dans les médias — elle se fait mousser toute seule.""}]"	73848	gemini_pro_single		Il y a rarement des promos sur la bière : inutile de faire le buzz quand on sait déjà se faire mousser.	27500.0		discriminator_run2_v4
3371	There is some Confucion about the oldest religion in China.	"[{""source"":""gemini_pro_single"",""original_id"":"""",""pun"":""Il règne un certain confusionnisme autour de la plus ancienne religion de Chine."",""id"":16495},{""source"":""gpt_single"",""original_id"":"""",""pun"":""Sur la plus vieille religion de Chine, je suis dans une sacrée Confu-sion."",""id"":98463},{""source"":""claude"",""original_id"":""75109"",""pun"":""On m'a demandé quelle est la plus vieille religion de Chine. J'ai répondu 'le con-fu-cianisme' — et depuis, tout le monde est con-fu."",""id"":94651},{""source"":""gemini"",""original_id"":""60168"",""pun"":""On baigne dans une totale Confucius-ion depuis que ce philosophe est né."",""id"":46477}]"	pooled_rankings	"{""comedian"":0.0,""pun_expert"":0.0,""editor"":0.0,""translator"":100.0}"	"{""claude"":25.0,""gemini_pro"":25.0,""gpt"":25.0}"	"{""16495"":27500.0,""98463"":25000.0,""94651"":12500.0,""46477"":10000.0}"	"[{""id"":16495,""source"":""gemini_pro_single"",""original_id"":"""",""score"":27500.0,""pun"":""Il règne un certain confusionnisme autour de la plus ancienne religion de Chine.""},{""id"":98463,""source"":""gpt_single"",""original_id"":"""",""score"":25000.0,""pun"":""Sur la plus vieille religion de Chine, je suis dans une sacrée Confu-sion.""},{""id"":94651,""source"":""claude"",""original_id"":""75109"",""score"":12500.0,""pun"":""On m'a demandé quelle est la plus vieille religion de Chine. J'ai répondu 'le con-fu-cianisme' — et depuis, tout le monde est con-fu.""},{""id"":46477,""source"":""gemini"",""original_id"":""60168"",""score"":10000.0,""pun"":""On baigne dans une totale Confucius-ion depuis que ce philosophe est né.""}]"	16495	gemini_pro_single		Il règne un certain confusionnisme autour de la plus ancienne religion de Chine.	27500.0		discriminator_run2_v4
3372	There was a contest on a slippery rock slope. I won in a landslide.	"[{""source"":""gemini_pro_single"",""original_id"":"""",""pun"":""J'ai participé à un concours sous un éboulement de rochers, et j'ai remporté une victoire écrasante."",""id"":29399},{""source"":""claude"",""original_id"":""11121"",""pun"":""J'ai participé à une compétition sur une pente glissante. J'ai gagné par une avalanche de voix."",""id"":25300},{""source"":""gpt_single"",""original_id"":"""",""pun"":""À la course sur éboulis, j’ai remporté une victoire écrasante."",""id"":76522},{""source"":""gemini"",""original_id"":""12950"",""pun"":""Il y a eu un glissement de terrain aux élections : le candidat s'est pris une pelle."",""id"":14966}]"	pooled_rankings	"{""comedian"":0.0,""pun_expert"":0.0,""editor"":0.0,""translator"":100.0}"	"{""claude"":25.0,""gemini_pro"":25.0,""gpt"":25.0}"	"{""25300"":27500.0,""76522"":25000.0,""29399"":15000.0,""14966"":7500.0}"	"[{""id"":25300,""source"":""claude"",""original_id"":""11121"",""score"":27500.0,""pun"":""J'ai participé à une compétition sur une pente glissante. J'ai gagné par une avalanche de voix.""},{""id"":76522,""source"":""gpt_single"",""original_id"":"""",""score"":25000.0,""pun"":""À la course sur éboulis, j’ai remporté une victoire écrasante.""},{""id"":29399,""source"":""gemini_pro_single"",""original_id"":"""",""score"":15000.0,""pun"":""J'ai participé à un concours sous un éboulement de rochers, et j'ai remporté une victoire écrasante.""},{""id"":14966,""source"":""gemini"",""original_id"":""12950"",""score"":7500.0,""pun"":""Il y a eu un glissement de terrain aux élections : le candidat s'est pris une pelle.""}]"	25300	claude	11121	J'ai participé à une compétition sur une pente glissante. J'ai gagné par une avalanche de voix.	27500.0		discriminator_run2_v4
3373	There was a guy who got fired from the orange juice factory. He wasn't concentrated enough.	"[{""source"":""gpt_single"",""original_id"":"""",""pun"":""Il s’est fait virer de l’usine de jus d’orange : il n’était pas assez concentré."",""id"":37617},{""source"":""gemini_pro_single"",""original_id"":"""",""pun"":""Il s'est fait virer de l'usine de jus d'orange parce qu'il n'était pas assez concentré."",""id"":12906},{""source"":""gemini"",""original_id"":""57770"",""pun"":""Il s'est fait virer de l'usine de jus d'orange parce qu'il n'était pas assez concentré."",""id"":74992},{""source"":""claude"",""original_id"":""74651"",""pun"":""Il a été viré de l'usine de jus d'orange. Il manquait de concentration."",""id"":45835}]"	pooled_rankings	"{""comedian"":0.0,""pun_expert"":0.0,""editor"":0.0,""translator"":100.0}"	"{""claude"":25.0,""gemini_pro"":25.0,""gpt"":25.0}"	"{""37617"":27500.0,""12906"":17500.0,""45835"":15000.0,""74992"":15000.0}"	"[{""id"":37617,""source"":""gpt_single"",""original_id"":"""",""score"":27500.0,""pun"":""Il s’est fait virer de l’usine de jus d’orange : il n’était pas assez concentré.""},{""id"":12906,""source"":""gemini_pro_single"",""original_id"":"""",""score"":17500.0,""pun"":""Il s'est fait virer de l'usine de jus d'orange parce qu'il n'était pas assez concentré.""},{""id"":45835,""source"":""claude"",""original_id"":""74651"",""score"":15000.0,""pun"":""Il a été viré de l'usine de jus d'orange. Il manquait de concentration.""},{""id"":74992,""source"":""gemini"",""original_id"":""57770"",""score"":15000.0,""pun"":""Il s'est fait virer de l'usine de jus d'orange parce qu'il n'était pas assez concentré.""}]"	37617	gpt_single		Il s’est fait virer de l’usine de jus d’orange : il n’était pas assez concentré.	27500.0		discriminator_run2_v4
3374	There was a guy who played the organ in his garden to get organically grown food.	"[{""source"":""gpt_single"",""original_id"":"""",""pun"":""Depuis qu’il joue de l’orgue au potager, ses légumes poussent orgue-aniquement."",""id"":35930},{""source"":""gemini_pro_single"",""original_id"":"""",""pun"":""Ce jardinier écrit de la musique pour ses légumes bio : c'est un excellent composteur !"",""id"":85774},{""source"":""gemini"",""original_id"":""17314"",""pun"":""On a demandé à l'organiste pourquoi il plantait des légumes : c'est pour l'apport en orgue-anique."",""id"":60719},{""source"":""claude"",""original_id"":""78991"",""pun"":""Il a remplacé les engrais chimiques par de la musique d'orgue. Depuis, ses radis poussent en do majeur — et ses navets aussi, malheureusement."",""id"":44859}]"	pooled_rankings	"{""comedian"":0.0,""pun_expert"":0.0,""editor"":0.0,""translator"":100.0}"	"{""claude"":25.0,""gemini_pro"":25.0,""gpt"":25.0}"	"{""35930"":30000.0,""60719"":22500.0,""44859"":12500.0,""85774"":10000.0}"	"[{""id"":35930,""source"":""gpt_single"",""original_id"":"""",""score"":30000.0,""pun"":""Depuis qu’il joue de l’orgue au potager, ses légumes poussent orgue-aniquement.""},{""id"":60719,""source"":""gemini"",""original_id"":""17314"",""score"":22500.0,""pun"":""On a demandé à l'organiste pourquoi il plantait des légumes : c'est pour l'apport en orgue-anique.""},{""id"":44859,""source"":""claude"",""original_id"":""78991"",""score"":12500.0,""pun"":""Il a remplacé les engrais chimiques par de la musique d'orgue. Depuis, ses radis poussent en do majeur — et ses navets aussi, malheureusement.""},{""id"":85774,""source"":""gemini_pro_single"",""original_id"":"""",""score"":10000.0,""pun"":""Ce jardinier écrit de la musique pour ses légumes bio : c'est un excellent composteur !""}]"	35930	gpt_single		Depuis qu’il joue de l’orgue au potager, ses légumes poussent orgue-aniquement.	30000.0		discriminator_run2_v4
3375	There was a guy who was fired from the orange juice factory for lack of concentration.	"[{""source"":""claude"",""original_id"":""95230"",""pun"":""Il a été viré de la fabrique de jus d'orange parce qu'il manquait de concentration. Son patron l'a trouvé trop dilué."",""id"":41697},{""source"":""gemini_pro_single"",""original_id"":"""",""pun"":""Il s'est fait virer de l'usine de jus d'orange pour manque de concentration."",""id"":23522},{""source"":""gemini"",""original_id"":""25251"",""pun"":""L'électricien a été congédié car il n'était pas au courant."",""id"":77786},{""source"":""gpt_single"",""original_id"":"""",""pun"":""À l’usine de jus d’orange, on l’a pressé de partir : il manquait de concentration."",""id"":87955}]"	pooled_rankings	"{""comedian"":0.0,""pun_expert"":0.0,""editor"":0.0,""translator"":100.0}"	"{""claude"":25.0,""gemini_pro"":25.0,""gpt"":25.0}"	"{""23522"":25000.0,""87955"":25000.0,""41697"":17500.0,""77786"":7500.0}"	"[{""id"":23522,""source"":""gemini_pro_single"",""original_id"":"""",""score"":25000.0,""pun"":""Il s'est fait virer de l'usine de jus d'orange pour manque de concentration.""},{""id"":87955,""source"":""gpt_single"",""original_id"":"""",""score"":25000.0,""pun"":""À l’usine de jus d’orange, on l’a pressé de partir : il manquait de concentration.""},{""id"":41697,""source"":""claude"",""original_id"":""95230"",""score"":17500.0,""pun"":""Il a été viré de la fabrique de jus d'orange parce qu'il manquait de concentration. Son patron l'a trouvé trop dilué.""},{""id"":77786,""source"":""gemini"",""original_id"":""25251"",""score"":7500.0,""pun"":""L'électricien a été congédié car il n'était pas au courant.""}]"	23522	gemini_pro_single		Il s'est fait virer de l'usine de jus d'orange pour manque de concentration.	25000.0		discriminator_run2_v4
3376	There was a hiring freeze at the ice-skating rink.	"[{""source"":""gemini"",""original_id"":""26695"",""pun"":""L'entreprise de climatisation a dû geler les salaires."",""id"":52646},{""source"":""gemini_pro_single"",""original_id"":"""",""pun"":""À la patinoire, il y a eu un gel des embauches."",""id"":91517},{""source"":""claude"",""original_id"":""83474"",""pun"":""Ils ont gelé les postes à la patinoire. C'est le seul endroit où c'est normal."",""id"":60312},{""source"":""gpt_single"",""original_id"":"""",""pun"":""À la patinoire, ils ont décrété le gel des embauches : question glace, les RH sont dans leur élément."",""id"":87474}]"	pooled_rankings	"{""comedian"":0.0,""pun_expert"":0.0,""editor"":0.0,""translator"":100.0}"	"{""claude"":25.0,""gemini_pro"":25.0,""gpt"":25.0}"	"{""91517"":30000.0,""87474"":20000.0,""60312"":17500.0,""52646"":7500.0}"	"[{""id"":91517,""source"":""gemini_pro_single"",""original_id"":"""",""score"":30000.0,""pun"":""À la patinoire, il y a eu un gel des embauches.""},{""id"":87474,""source"":""gpt_single"",""original_id"":"""",""score"":20000.0,""pun"":""À la patinoire, ils ont décrété le gel des embauches : question glace, les RH sont dans leur élément.""},{""id"":60312,""source"":""claude"",""original_id"":""83474"",""score"":17500.0,""pun"":""Ils ont gelé les postes à la patinoire. C'est le seul endroit où c'est normal.""},{""id"":52646,""source"":""gemini"",""original_id"":""26695"",""score"":7500.0,""pun"":""L'entreprise de climatisation a dû geler les salaires.""}]"	91517	gemini_pro_single		À la patinoire, il y a eu un gel des embauches.	30000.0		discriminator_run2_v4
3377	There was a lot of equestrian paraphernalia at the bridle shower.	"[{""source"":""gemini"",""original_id"":""83864"",""pun"":""La mariée a refusé le harnais de dentelle car elle ne voulait pas qu'on lui bride sa liberté."",""id"":85298},{""source"":""claude"",""original_id"":""44517"",""pun"":""Au mariage équestre, les invités ont beaucoup aimé le buffet — surtout le harnais d'oeuvres."",""id"":78241},{""source"":""gpt_single"",""original_id"":"""",""pun"":""À la fête prénuptiale, on a offert des rênes à la mariée : normal, c’était la reine du jour."",""id"":80467},{""source"":""gemini_pro_single"",""original_id"":"""",""pun"":""Pour son mariage, le passionné d'équitation a fini par se passer la bride au cou."",""id"":98339}]"	pooled_rankings	"{""comedian"":0.0,""pun_expert"":0.0,""editor"":0.0,""translator"":100.0}"	"{""claude"":25.0,""gemini_pro"":25.0,""gpt"":25.0}"	"{""80467"":27500.0,""78241"":20000.0,""98339"":15000.0,""85298"":12500.0}"	"[{""id"":80467,""source"":""gpt_single"",""original_id"":"""",""score"":27500.0,""pun"":""À la fête prénuptiale, on a offert des rênes à la mariée : normal, c’était la reine du jour.""},{""id"":78241,""source"":""claude"",""original_id"":""44517"",""score"":20000.0,""pun"":""Au mariage équestre, les invités ont beaucoup aimé le buffet — surtout le harnais d'oeuvres.""},{""id"":98339,""source"":""gemini_pro_single"",""original_id"":"""",""score"":15000.0,""pun"":""Pour son mariage, le passionné d'équitation a fini par se passer la bride au cou.""},{""id"":85298,""source"":""gemini"",""original_id"":""83864"",""score"":12500.0,""pun"":""La mariée a refusé le harnais de dentelle car elle ne voulait pas qu'on lui bride sa liberté.""}]"	80467	gpt_single		À la fête prénuptiale, on a offert des rênes à la mariée : normal, c’était la reine du jour.	27500.0		discriminator_run2_v4
3378	There was a massive outcry against the plan to build a power line across a nature preserve. The public couldn't bear the tension.	"[{""source"":""gpt_single"",""original_id"":"""",""pun"":""Depuis qu’on veut faire passer une ligne à haute tension dans la réserve naturelle, les riverains sont tous sous tension."",""id"":66934},{""source"":""gemini"",""original_id"":""59358"",""pun"":""Le débat sur la ligne électrique est sous haute tension, tout le monde pète un câble."",""id"":63062},{""source"":""gemini_pro_single"",""original_id"":"""",""pun"":""Le projet de ligne électrique dans la réserve naturelle fait scandale : toute la région est sous tension."",""id"":75117},{""source"":""claude"",""original_id"":""45314"",""pun"":""Les opposants au projet disaient que la ligne électrique allait tout griller sur son passage. Les partisans répondaient que c'était une idée bien branchée."",""id"":97310}]"	pooled_rankings	"{""comedian"":0.0,""pun_expert"":0.0,""editor"":0.0,""translator"":100.0}"	"{""claude"":25.0,""gemini_pro"":25.0,""gpt"":25.0}"	"{""75117"":30000.0,""66934"":20000.0,""63062"":17500.0,""97310"":7500.0}"	"[{""id"":75117,""source"":""gemini_pro_single"",""original_id"":"""",""score"":30000.0,""pun"":""Le projet de ligne électrique dans la réserve naturelle fait scandale : toute la région est sous tension.""},{""id"":66934,""source"":""gpt_single"",""original_id"":"""",""score"":20000.0,""pun"":""Depuis qu’on veut faire passer une ligne à haute tension dans la réserve naturelle, les riverains sont tous sous tension.""},{""id"":63062,""source"":""gemini"",""original_id"":""59358"",""score"":17500.0,""pun"":""Le débat sur la ligne électrique est sous haute tension, tout le monde pète un câble.""},{""id"":97310,""source"":""claude"",""original_id"":""45314"",""score"":7500.0,""pun"":""Les opposants au projet disaient que la ligne électrique allait tout griller sur son passage. Les partisans répondaient que c'était une idée bien branchée.""}]"	75117	gemini_pro_single		Le projet de ligne électrique dans la réserve naturelle fait scandale : toute la région est sous tension.	30000.0		discriminator_run2_v4
3379	There was a report of shots fired in a local bar. The police don't know what triggered the commotion.	"[{""source"":""claude"",""original_id"":""79527"",""pun"":""Une fusillade a éclaté dans un bar. Le suspect affirme que c'est le barman qui a tiré le premier — un double whisky, évidemment."",""id"":76845},{""source"":""gemini"",""original_id"":""10723"",""pun"":""Un pistolet a été volé dans un bar. La police n'a toujours pas de gâchette sur l'affaire."",""id"":56935},{""source"":""gpt_single"",""original_id"":"""",""pun"":""Des coups de feu ont éclaté dans un bar : la police cherche encore ce qui a déclenché l’affaire, la dispute ou la gâchette."",""id"":85115},{""source"":""gemini_pro_single"",""original_id"":"""",""pun"":""Des coups de feu ont éclaté dans le bar. Visiblement, l'ambiance n'était pas à la détente."",""id"":99488}]"	pooled_rankings	"{""comedian"":0.0,""pun_expert"":0.0,""editor"":0.0,""translator"":100.0}"	"{""claude"":25.0,""gemini_pro"":25.0,""gpt"":25.0}"	"{""99488"":27500.0,""85115"":22500.0,""56935"":12500.0,""76845"":12500.0}"	"[{""id"":99488,""source"":""gemini_pro_single"",""original_id"":"""",""score"":27500.0,""pun"":""Des coups de feu ont éclaté dans le bar. Visiblement, l'ambiance n'était pas à la détente.""},{""id"":85115,""source"":""gpt_single"",""original_id"":"""",""score"":22500.0,""pun"":""Des coups de feu ont éclaté dans un bar : la police cherche encore ce qui a déclenché l’affaire, la dispute ou la gâchette.""},{""id"":56935,""source"":""gemini"",""original_id"":""10723"",""score"":12500.0,""pun"":""Un pistolet a été volé dans un bar. La police n'a toujours pas de gâchette sur l'affaire.""},{""id"":76845,""source"":""claude"",""original_id"":""79527"",""score"":12500.0,""pun"":""Une fusillade a éclaté dans un bar. Le suspect affirme que c'est le barman qui a tiré le premier — un double whisky, évidemment.""}]"	99488	gemini_pro_single		Des coups de feu ont éclaté dans le bar. Visiblement, l'ambiance n'était pas à la détente.	27500.0		discriminator_run2_v4
3380	There was a sale at the fish market today. I went to see what was the catch.	"[{""source"":""claude"",""original_id"":""20657"",""pun"":""J'ai vu des soldes chez le poissonnier. Je suis entré pour voir l'appât… du gain."",""id"":47918},{""source"":""gemini_pro_single"",""original_id"":"""",""pun"":""Il y avait des soldes à la poissonnerie aujourd'hui. J'y suis allé pour voir s'il n'y avait pas anguille sous roche."",""id"":63044},{""source"":""gemini"",""original_id"":""53350"",""pun"":""J'ai voulu acheter du thon en solde, mais le vendeur m'a répondu d'un ton sec qu'il n'y en avait plus."",""id"":45966},{""source"":""gpt_single"",""original_id"":"""",""pun"":""Promo à la poissonnerie : j’y suis allé voir si c’était une bonne prise."",""id"":23550}]"	pooled_rankings	"{""comedian"":0.0,""pun_expert"":0.0,""editor"":0.0,""translator"":100.0}"	"{""claude"":25.0,""gemini_pro"":25.0,""gpt"":25.0}"	"{""23550"":27500.0,""63044"":25000.0,""47918"":15000.0,""45966"":7500.0}"	"[{""id"":23550,""source"":""gpt_single"",""original_id"":"""",""score"":27500.0,""pun"":""Promo à la poissonnerie : j’y suis allé voir si c’était une bonne prise.""},{""id"":63044,""source"":""gemini_pro_single"",""original_id"":"""",""score"":25000.0,""pun"":""Il y avait des soldes à la poissonnerie aujourd'hui. J'y suis allé pour voir s'il n'y avait pas anguille sous roche.""},{""id"":47918,""source"":""claude"",""original_id"":""20657"",""score"":15000.0,""pun"":""J'ai vu des soldes chez le poissonnier. Je suis entré pour voir l'appât… du gain.""},{""id"":45966,""source"":""gemini"",""original_id"":""53350"",""score"":7500.0,""pun"":""J'ai voulu acheter du thon en solde, mais le vendeur m'a répondu d'un ton sec qu'il n'y en avait plus.""}]"	23550	gpt_single		Promo à la poissonnerie : j’y suis allé voir si c’était une bonne prise.	27500.0		discriminator_run2_v4
3381	"There was a sign hanging in the window of a dry cleaners I passed by. It read: ""So-and-So Dry Cleaners. Working on the same spot for 72 years."""	"[{""source"":""gemini_pro_single"",""original_id"":"""",""pun"":""Sur la vitrine du pressing, on pouvait lire : « Nous travaillons sur la même tâche depuis 72 ans. »"",""id"":94421},{""source"":""gemini"",""original_id"":""52634"",""pun"":""Le pressing 'Au bon pli' : On ne fait pas de vagues, on les repasse."",""id"":54015},{""source"":""claude"",""original_id"":""55196"",""pun"":""Pressing Dupont : « Depuis 72 ans, nous nous attaquons aux mêmes taches. » C'est rassurant ou inquiétant ?"",""id"":45453},{""source"":""gpt_single"",""original_id"":"""",""pun"":""Pressing Machin : depuis 72 ans, on est à la tâche sur vos taches."",""id"":77586}]"	pooled_rankings	"{""comedian"":0.0,""pun_expert"":0.0,""editor"":0.0,""translator"":100.0}"	"{""claude"":25.0,""gemini_pro"":25.0,""gpt"":25.0}"	"{""45453"":27500.0,""94421"":25000.0,""77586"":15000.0,""54015"":7500.0}"	"[{""id"":45453,""source"":""claude"",""original_id"":""55196"",""score"":27500.0,""pun"":""Pressing Dupont : « Depuis 72 ans, nous nous attaquons aux mêmes taches. » C'est rassurant ou inquiétant ?""},{""id"":94421,""source"":""gemini_pro_single"",""original_id"":"""",""score"":25000.0,""pun"":""Sur la vitrine du pressing, on pouvait lire : « Nous travaillons sur la même tâche depuis 72 ans. »""},{""id"":77586,""source"":""gpt_single"",""original_id"":"""",""score"":15000.0,""pun"":""Pressing Machin : depuis 72 ans, on est à la tâche sur vos taches.""},{""id"":54015,""source"":""gemini"",""original_id"":""52634"",""score"":7500.0,""pun"":""Le pressing 'Au bon pli' : On ne fait pas de vagues, on les repasse.""}]"	45453	claude	55196	Pressing Dupont : « Depuis 72 ans, nous nous attaquons aux mêmes taches. » C'est rassurant ou inquiétant ?	27500.0		discriminator_run2_v4
3382	"There was a sign on the lawn at a drug re-hab center that said ""Keep off the Grass""."	"[{""source"":""gemini"",""original_id"":""69192"",""pun"":""On a demandé au dealer de tondre la pelouse, il a répondu : 'Désolé, je ne touche plus à l'herbe'."",""id"":30544},{""source"":""gemini_pro_single"",""original_id"":"""",""pun"":""Au centre de désintoxication, une pancarte plantée sur la pelouse indique : « Défense de toucher à l'herbe »."",""id"":89362},{""source"":""claude"",""original_id"":""60168"",""pun"":""Dans le centre de désintox, il y avait un panneau sur la pelouse : 'Ne marchez pas sur l'herbe.' Ironique, non ?"",""id"":17144},{""source"":""gpt_single"",""original_id"":"""",""pun"":""Devant le centre de désintox, une pancarte sur la pelouse prévenait : « Ne touchez pas à l’herbe, même avec les pieds. »"",""id"":48054}]"	pooled_rankings	"{""comedian"":0.0,""pun_expert"":0.0,""editor"":0.0,""translator"":100.0}"	"{""claude"":25.0,""gemini_pro"":25.0,""gpt"":25.0}"	"{""89362"":30000.0,""48054"":22500.0,""17144"":15000.0,""30544"":7500.0}"	"[{""id"":89362,""source"":""gemini_pro_single"",""original_id"":"""",""score"":30000.0,""pun"":""Au centre de désintoxication, une pancarte plantée sur la pelouse indique : « Défense de toucher à l'herbe ».""},{""id"":48054,""source"":""gpt_single"",""original_id"":"""",""score"":22500.0,""pun"":""Devant le centre de désintox, une pancarte sur la pelouse prévenait : « Ne touchez pas à l’herbe, même avec les pieds. »""},{""id"":17144,""source"":""claude"",""original_id"":""60168"",""score"":15000.0,""pun"":""Dans le centre de désintox, il y avait un panneau sur la pelouse : 'Ne marchez pas sur l'herbe.' Ironique, non ?""},{""id"":30544,""source"":""gemini"",""original_id"":""69192"",""score"":7500.0,""pun"":""On a demandé au dealer de tondre la pelouse, il a répondu : 'Désolé, je ne touche plus à l'herbe'.""}]"	89362	gemini_pro_single		Au centre de désintoxication, une pancarte plantée sur la pelouse indique : « Défense de toucher à l'herbe ».	30000.0		discriminator_run2_v4
3383	"There was a sign on the lawn at a drug re-hab center that said ""Keep off the Grass""."	"[{""source"":""gemini_pro_single"",""original_id"":"""",""pun"":""Devant le centre de désintoxication, un panneau sur la pelouse indique : « Défense de toucher à l'herbe »."",""id"":64564},{""source"":""gemini"",""original_id"":""10155"",""pun"":""Dans ce centre, on ne dit pas 'pelouse interdite', on dit 'ne pas craquer pour l'herbe'."",""id"":18324},{""source"":""claude"",""original_id"":""37734"",""pun"":""Au centre de désintox, le panneau disait : « Ne touchez pas à l'herbe. » C'est le premier conseil qu'ils auraient dû suivre avant d'arriver."",""id"":18367},{""source"":""gpt_single"",""original_id"":"""",""pun"":""Au centre de désintox, même la pelouse suppliait : « Ne touchez pas à l’herbe. »"",""id"":92969}]"	pooled_rankings	"{""comedian"":0.0,""pun_expert"":0.0,""editor"":0.0,""translator"":100.0}"	"{""claude"":25.0,""gemini_pro"":25.0,""gpt"":25.0}"	"{""64564"":30000.0,""18367"":20000.0,""92969"":17500.0,""18324"":7500.0}"	"[{""id"":64564,""source"":""gemini_pro_single"",""original_id"":"""",""score"":30000.0,""pun"":""Devant le centre de désintoxication, un panneau sur la pelouse indique : « Défense de toucher à l'herbe ».""},{""id"":18367,""source"":""claude"",""original_id"":""37734"",""score"":20000.0,""pun"":""Au centre de désintox, le panneau disait : « Ne touchez pas à l'herbe. » C'est le premier conseil qu'ils auraient dû suivre avant d'arriver.""},{""id"":92969,""source"":""gpt_single"",""original_id"":"""",""score"":17500.0,""pun"":""Au centre de désintox, même la pelouse suppliait : « Ne touchez pas à l’herbe. »""},{""id"":18324,""source"":""gemini"",""original_id"":""10155"",""score"":7500.0,""pun"":""Dans ce centre, on ne dit pas 'pelouse interdite', on dit 'ne pas craquer pour l'herbe'.""}]"	64564	gemini_pro_single		Devant le centre de désintoxication, un panneau sur la pelouse indique : « Défense de toucher à l'herbe ».	30000.0		discriminator_run2_v4
3384	There was a slight leak that tore my wallpaper of whales and dolphins, it's ruined fissure.	"[{""source"":""claude"",""original_id"":""94987"",""pun"":""Ma fissure au plafond ressemble à une baleine. Je l'ai appelée Moby Fente."",""id"":89356},{""source"":""gemini_pro_single"",""original_id"":"""",""pun"":""L'aquarium s'est fissuré, et maintenant tous les poissons ont pris la fuite !"",""id"":80795},{""source"":""gpt_single"",""original_id"":"""",""pun"":""Depuis la fuite, mon papier peint marin a une énorme raie : au moins, il reste dans le thème."",""id"":26020},{""source"":""gemini"",""original_id"":""39149"",""pun"":""On m'a annoncé des nouvelles du mur de dauphins, c'est les brèches du jour."",""id"":85873}]"	pooled_rankings	"{""comedian"":0.0,""pun_expert"":0.0,""editor"":0.0,""translator"":100.0}"	"{""claude"":25.0,""gemini_pro"":25.0,""gpt"":25.0}"	"{""26020"":30000.0,""89356"":20000.0,""85873"":15000.0,""80795"":10000.0}"	"[{""id"":26020,""source"":""gpt_single"",""original_id"":"""",""score"":30000.0,""pun"":""Depuis la fuite, mon papier peint marin a une énorme raie : au moins, il reste dans le thème.""},{""id"":89356,""source"":""claude"",""original_id"":""94987"",""score"":20000.0,""pun"":""Ma fissure au plafond ressemble à une baleine. Je l'ai appelée Moby Fente.""},{""id"":85873,""source"":""gemini"",""original_id"":""39149"",""score"":15000.0,""pun"":""On m'a annoncé des nouvelles du mur de dauphins, c'est les brèches du jour.""},{""id"":80795,""source"":""gemini_pro_single"",""original_id"":"""",""score"":10000.0,""pun"":""L'aquarium s'est fissuré, et maintenant tous les poissons ont pris la fuite !""}]"	26020	gpt_single		Depuis la fuite, mon papier peint marin a une énorme raie : au moins, il reste dans le thème.	30000.0		discriminator_run2_v4
3385	There was an editor who put in a good word for a new reporter.	"[{""source"":""gpt_single"",""original_id"":"""",""pun"":""Le rédac chef a pistonné le jeune reporter d’un bon mot : chez lui, même le piston est bien rédigé."",""id"":72930},{""source"":""gemini_pro_single"",""original_id"":"""",""pun"":""Le rédacteur a glissé un mot pour le nouveau journaliste : juste entre le sujet et le verbe."",""id"":73600},{""source"":""claude"",""original_id"":""72910"",""pun"":""L'éditeur a glissé un bon mot pour le nouveau journaliste. Il faut dire qu'il avait le mot juste."",""id"":58227},{""source"":""gemini"",""original_id"":""30758"",""pun"":""L'écrivain a été condamné car il a fait une faute de frappe sur son clavier : il a tapé son éditeur."",""id"":77514}]"	pooled_rankings	"{""comedian"":0.0,""pun_expert"":0.0,""editor"":0.0,""translator"":100.0}"	"{""claude"":25.0,""gemini_pro"":25.0,""gpt"":25.0}"	"{""73600"":27500.0,""58227"":25000.0,""72930"":15000.0,""77514"":7500.0}"	"[{""id"":73600,""source"":""gemini_pro_single"",""original_id"":"""",""score"":27500.0,""pun"":""Le rédacteur a glissé un mot pour le nouveau journaliste : juste entre le sujet et le verbe.""},{""id"":58227,""source"":""claude"",""original_id"":""72910"",""score"":25000.0,""pun"":""L'éditeur a glissé un bon mot pour le nouveau journaliste. Il faut dire qu'il avait le mot juste.""},{""id"":72930,""source"":""gpt_single"",""original_id"":"""",""score"":15000.0,""pun"":""Le rédac chef a pistonné le jeune reporter d’un bon mot : chez lui, même le piston est bien rédigé.""},{""id"":77514,""source"":""gemini"",""original_id"":""30758"",""score"":7500.0,""pun"":""L'écrivain a été condamné car il a fait une faute de frappe sur son clavier : il a tapé son éditeur.""}]"	73600	gemini_pro_single		Le rédacteur a glissé un mot pour le nouveau journaliste : juste entre le sujet et le verbe.	27500.0		discriminator_run2_v4
3386	There was an eye doctor who wanted to re-locate but couldn't find a job because he didn't have enough contacts.	"[{""source"":""gemini"",""original_id"":""81871"",""pun"":""C'est l'histoire d'un ophtalmo qui a dû fermer son cabinet : il n'avait plus de contacts."",""id"":94852},{""source"":""gemini_pro_single"",""original_id"":"""",""pun"":""L'opticien n'a pas trouvé de nouveau poste car il manquait de contacts."",""id"":41780},{""source"":""claude"",""original_id"":""13491"",""pun"":""Un opticien voulait déménager mais n'a pas pu trouver de travail : il n'avait pas assez de lentilles de contact dans son réseau."",""id"":69690},{""source"":""gpt_single"",""original_id"":"""",""pun"":""L’ophtalmo a raté son changement de cabinet : il avait une bonne vision, mais pas assez de contacts."",""id"":85660}]"	pooled_rankings	"{""comedian"":0.0,""pun_expert"":0.0,""editor"":0.0,""translator"":100.0}"	"{""claude"":25.0,""gemini_pro"":25.0,""gpt"":25.0}"	"{""85660"":27500.0,""41780"":22500.0,""94852"":15000.0,""69690"":10000.0}"	"[{""id"":85660,""source"":""gpt_single"",""original_id"":"""",""score"":27500.0,""pun"":""L’ophtalmo a raté son changement de cabinet : il avait une bonne vision, mais pas assez de contacts.""},{""id"":41780,""source"":""gemini_pro_single"",""original_id"":"""",""score"":22500.0,""pun"":""L'opticien n'a pas trouvé de nouveau poste car il manquait de contacts.""},{""id"":94852,""source"":""gemini"",""original_id"":""81871"",""score"":15000.0,""pun"":""C'est l'histoire d'un ophtalmo qui a dû fermer son cabinet : il n'avait plus de contacts.""},{""id"":69690,""source"":""claude"",""original_id"":""13491"",""score"":10000.0,""pun"":""Un opticien voulait déménager mais n'a pas pu trouver de travail : il n'avait pas assez de lentilles de contact dans son réseau.""}]"	85660	gpt_single		L’ophtalmo a raté son changement de cabinet : il avait une bonne vision, mais pas assez de contacts.	27500.0		discriminator_run2_v4
3387	There was an orchestra conductor who threw tempo tantrums.	"[{""source"":""gemini"",""original_id"":""31871"",""pun"":""Quand le chef d'orchestre s'énerve, il perd tout sens de la mesure."",""id"":20169},{""source"":""claude"",""original_id"":""29253"",""pun"":""Le chef d'orchestre piquait des crises de tempo... il battait tout le monde, pas seulement la mesure."",""id"":39395},{""source"":""gpt_single"",""original_id"":"""",""pun"":""Le chef d’orchestre avait un mauvais tempo-rament : dès que ça ralentissait, il piquait sa crise."",""id"":73566},{""source"":""gemini_pro_single"",""original_id"":"""",""pun"":""Ce chef d'orchestre est connu pour son mauvais tempo-rament."",""id"":12501}]"	pooled_rankings	"{""comedian"":0.0,""pun_expert"":0.0,""editor"":0.0,""translator"":100.0}"	"{""claude"":25.0,""gemini_pro"":25.0,""gpt"":25.0}"	"{""73566"":27500.0,""12501"":22500.0,""39395"":17500.0,""20169"":7500.0}"	"[{""id"":73566,""source"":""gpt_single"",""original_id"":"""",""score"":27500.0,""pun"":""Le chef d’orchestre avait un mauvais tempo-rament : dès que ça ralentissait, il piquait sa crise.""},{""id"":12501,""source"":""gemini_pro_single"",""original_id"":"""",""score"":22500.0,""pun"":""Ce chef d'orchestre est connu pour son mauvais tempo-rament.""},{""id"":39395,""source"":""claude"",""original_id"":""29253"",""score"":17500.0,""pun"":""Le chef d'orchestre piquait des crises de tempo... il battait tout le monde, pas seulement la mesure.""},{""id"":20169,""source"":""gemini"",""original_id"":""31871"",""score"":7500.0,""pun"":""Quand le chef d'orchestre s'énerve, il perd tout sens de la mesure.""}]"	73566	gpt_single		Le chef d’orchestre avait un mauvais tempo-rament : dès que ça ralentissait, il piquait sa crise.	27500.0		discriminator_run2_v4
3388	There was once a cross-eyed teacher who couldn't control his pupils.	"[{""source"":""claude"",""original_id"":""99315"",""pun"":""Le prof bigle disait toujours : 'Je garde un œil sur vous.' — Ses élèves répondaient : 'Lequel ?'"",""id"":69364},{""source"":""gemini_pro_single"",""original_id"":"""",""pun"":""Un instituteur strabique n'arrivait pas à contrôler ses pupilles."",""id"":88045},{""source"":""gemini"",""original_id"":""49528"",""pun"":""Le prof de maths ne sort jamais avec des inconnues."",""id"":60805},{""source"":""gpt_single"",""original_id"":"""",""pun"":""L’instituteur qui louchait n’arrivait jamais à mettre ses pupilles au point."",""id"":20716}]"	pooled_rankings	"{""comedian"":0.0,""pun_expert"":0.0,""editor"":0.0,""translator"":100.0}"	"{""claude"":25.0,""gemini_pro"":25.0,""gpt"":25.0}"	"{""88045"":27500.0,""20716"":25000.0,""69364"":15000.0,""60805"":7500.0}"	"[{""id"":88045,""source"":""gemini_pro_single"",""original_id"":"""",""score"":27500.0,""pun"":""Un instituteur strabique n'arrivait pas à contrôler ses pupilles.""},{""id"":20716,""source"":""gpt_single"",""original_id"":"""",""score"":25000.0,""pun"":""L’instituteur qui louchait n’arrivait jamais à mettre ses pupilles au point.""},{""id"":69364,""source"":""claude"",""original_id"":""99315"",""score"":15000.0,""pun"":""Le prof bigle disait toujours : 'Je garde un œil sur vous.' — Ses élèves répondaient : 'Lequel ?'""},{""id"":60805,""source"":""gemini"",""original_id"":""49528"",""score"":7500.0,""pun"":""Le prof de maths ne sort jamais avec des inconnues.""}]"	88045	gemini_pro_single		Un instituteur strabique n'arrivait pas à contrôler ses pupilles.	27500.0		discriminator_run2_v4
3389	There was something going on in the bathroom, but I wasn't privy to the details.	"[{""source"":""gemini"",""original_id"":""27998"",""pun"":""Travailler aux toilettes, c'est dur, on finit toujours par être au bout du rouleau."",""id"":41128},{""source"":""gemini_pro_single"",""original_id"":"""",""pun"":""Il se passait quelque chose aux toilettes, mais je n'étais pas au parfum."",""id"":46909},{""source"":""gpt_single"",""original_id"":"""",""pun"":""Il se passait un truc aux privés, mais moi, j’ai été privé de détails."",""id"":76224},{""source"":""claude"",""original_id"":""63922"",""pun"":""Il se passait quelque chose aux toilettes, mais je n'étais pas dans les petits papiers."",""id"":13501}]"	pooled_rankings	"{""comedian"":0.0,""pun_expert"":0.0,""editor"":0.0,""translator"":100.0}"	"{""claude"":25.0,""gemini_pro"":25.0,""gpt"":25.0}"	"{""46909"":30000.0,""13501"":22500.0,""76224"":15000.0,""41128"":7500.0}"	"[{""id"":46909,""source"":""gemini_pro_single"",""original_id"":"""",""score"":30000.0,""pun"":""Il se passait quelque chose aux toilettes, mais je n'étais pas au parfum.""},{""id"":13501,""source"":""claude"",""original_id"":""63922"",""score"":22500.0,""pun"":""Il se passait quelque chose aux toilettes, mais je n'étais pas dans les petits papiers.""},{""id"":76224,""source"":""gpt_single"",""original_id"":"""",""score"":15000.0,""pun"":""Il se passait un truc aux privés, mais moi, j’ai été privé de détails.""},{""id"":41128,""source"":""gemini"",""original_id"":""27998"",""score"":7500.0,""pun"":""Travailler aux toilettes, c'est dur, on finit toujours par être au bout du rouleau.""}]"	46909	gemini_pro_single		Il se passait quelque chose aux toilettes, mais je n'étais pas au parfum.	30000.0		discriminator_run2_v4
3390	There were a bunch of pillows at the store. I took one and my friend took the rest.	"[{""source"":""gemini"",""original_id"":""66681"",""pun"":""Pourquoi les oreillers sont-ils de bons confident ? Parce qu'ils gardent toujours le secret de polochon."",""id"":83778},{""source"":""claude"",""original_id"":""41331"",""pun"":""J'ai choisi un oreiller, mon ami a pris le surplus. Maintenant il dort sur ses deux oreilles."",""id"":67539},{""source"":""gpt_single"",""original_id"":"""",""pun"":""Au rayon oreillers, j’en ai pris un ; mon ami a pris le reste, puis il a appelé ça « prendre du repos »."",""id"":68130},{""source"":""gemini_pro_single"",""original_id"":"""",""pun"":""Au magasin de literie, j'ai piqué un oreiller et mon pote a piqué un somme."",""id"":65617}]"	pooled_rankings	"{""comedian"":0.0,""pun_expert"":0.0,""editor"":0.0,""translator"":100.0}"	"{""claude"":25.0,""gemini_pro"":25.0,""gpt"":25.0}"	"{""65617"":27500.0,""67539"":20000.0,""68130"":20000.0,""83778"":7500.0}"	"[{""id"":65617,""source"":""gemini_pro_single"",""original_id"":"""",""score"":27500.0,""pun"":""Au magasin de literie, j'ai piqué un oreiller et mon pote a piqué un somme.""},{""id"":67539,""source"":""claude"",""original_id"":""41331"",""score"":20000.0,""pun"":""J'ai choisi un oreiller, mon ami a pris le surplus. Maintenant il dort sur ses deux oreilles.""},{""id"":68130,""source"":""gpt_single"",""original_id"":"""",""score"":20000.0,""pun"":""Au rayon oreillers, j’en ai pris un ; mon ami a pris le reste, puis il a appelé ça « prendre du repos ».""},{""id"":83778,""source"":""gemini"",""original_id"":""66681"",""score"":7500.0,""pun"":""Pourquoi les oreillers sont-ils de bons confident ? Parce qu'ils gardent toujours le secret de polochon.""}]"	65617	gemini_pro_single		Au magasin de literie, j'ai piqué un oreiller et mon pote a piqué un somme.	27500.0		discriminator_run2_v4
3391	There were lots of exclamations at the English student's party and now someone will be in a comma for a period of time. Some students are being questioned.	"[{""source"":""gemini_pro_single"",""original_id"":"""",""pun"":""La soirée des professeurs de français a dégénéré : après de vives exclamations, l'un d'eux a fini dans le coma et l'autre s'en tire avec trois points de suspension."",""id"":60274},{""source"":""gemini"",""original_id"":""20611"",""pun"":""Ma grammaire est tellement vieille qu'elle a fini en soins intensifs : elle a perdu toutes ses propositions."",""id"":98597},{""source"":""gpt_single"",""original_id"":"""",""pun"":""À la fête des étudiants d’anglais, entre les points d’exclamation et les « commas », l’un a fini dans le coma, les autres ont eu droit aux points d’interrogation."",""id"":91515},{""source"":""claude"",""original_id"":""88519"",""pun"":""La soirée des étudiants en grammaire s'est mal terminée : beaucoup d'exclamations, une virgule dans le coma, et plusieurs points d'interrogation chez les témoins."",""id"":99279}]"	pooled_rankings	"{""comedian"":0.0,""pun_expert"":0.0,""editor"":0.0,""translator"":100.0}"	"{""claude"":25.0,""gemini_pro"":25.0,""gpt"":25.0}"	"{""91515"":25000.0,""99279"":22500.0,""60274"":20000.0,""98597"":7500.0}"	"[{""id"":91515,""source"":""gpt_single"",""original_id"":"""",""score"":25000.0,""pun"":""À la fête des étudiants d’anglais, entre les points d’exclamation et les « commas », l’un a fini dans le coma, les autres ont eu droit aux points d’interrogation.""},{""id"":99279,""source"":""claude"",""original_id"":""88519"",""score"":22500.0,""pun"":""La soirée des étudiants en grammaire s'est mal terminée : beaucoup d'exclamations, une virgule dans le coma, et plusieurs points d'interrogation chez les témoins.""},{""id"":60274,""source"":""gemini_pro_single"",""original_id"":"""",""score"":20000.0,""pun"":""La soirée des professeurs de français a dégénéré : après de vives exclamations, l'un d'eux a fini dans le coma et l'autre s'en tire avec trois points de suspension.""},{""id"":98597,""source"":""gemini"",""original_id"":""20611"",""score"":7500.0,""pun"":""Ma grammaire est tellement vieille qu'elle a fini en soins intensifs : elle a perdu toutes ses propositions.""}]"	91515	gpt_single		À la fête des étudiants d’anglais, entre les points d’exclamation et les « commas », l’un a fini dans le coma, les autres ont eu droit aux points d’interrogation.	25000.0		discriminator_run2_v4
3392	There's a Sin dividing line between heaven and hell.	"[{""source"":""claude"",""original_id"":""19758"",""pun"":""J'ai demandé au prêtre quelle était la valeur du péché. Il m'a regardé bizarrement. Mon prof de maths, lui, a répondu sans hésiter : 'Entre moins un et plus un.'"",""id"":34471},{""source"":""gemini"",""original_id"":""18282"",""pun"":""L'enfer, c'est comme la trigonométrie : à force de commettre des sinus, on finit par perdre la tangente."",""id"":88353},{""source"":""gemini_pro_single"",""original_id"":"""",""pun"":""L'enfer de la trigonométrie est réservé à ceux qui commettent un sinus capital."",""id"":24306},{""source"":""gpt_single"",""original_id"":"""",""pun"":""Entre le paradis et l’enfer, la frontière est un sinus : au moindre péché, l’ange prend un mauvais angle."",""id"":66873}]"	pooled_rankings	"{""comedian"":0.0,""pun_expert"":0.0,""editor"":0.0,""translator"":100.0}"	"{""claude"":25.0,""gemini_pro"":25.0,""gpt"":25.0}"	"{""66873"":30000.0,""24306"":22500.0,""88353"":15000.0,""34471"":7500.0}"	"[{""id"":66873,""source"":""gpt_single"",""original_id"":"""",""score"":30000.0,""pun"":""Entre le paradis et l’enfer, la frontière est un sinus : au moindre péché, l’ange prend un mauvais angle.""},{""id"":24306,""source"":""gemini_pro_single"",""original_id"":"""",""score"":22500.0,""pun"":""L'enfer de la trigonométrie est réservé à ceux qui commettent un sinus capital.""},{""id"":88353,""source"":""gemini"",""original_id"":""18282"",""score"":15000.0,""pun"":""L'enfer, c'est comme la trigonométrie : à force de commettre des sinus, on finit par perdre la tangente.""},{""id"":34471,""source"":""claude"",""original_id"":""19758"",""score"":7500.0,""pun"":""J'ai demandé au prêtre quelle était la valeur du péché. Il m'a regardé bizarrement. Mon prof de maths, lui, a répondu sans hésiter : 'Entre moins un et plus un.'""}]"	66873	gpt_single		Entre le paradis et l’enfer, la frontière est un sinus : au moindre péché, l’ange prend un mauvais angle.	30000.0		discriminator_run2_v4
3393	"""There's a large mustard-mine near here. And the moral of that is- The more there is of mine, the less there is of yours."""	"[{""source"":""gemini"",""original_id"":""17186"",""pun"":""Il y a une mine de crayons près d'ici: c'est pratique pour garder une bonne mine."",""id"":76115},{""source"":""gpt_single"",""original_id"":"""",""pun"":""Près d’ici, la mine de moutarde est à moi : plus elle est mienne, moins elle est tienne."",""id"":82238},{""source"":""gemini_pro_single"",""original_id"":"""",""pun"":""Découvrir une mine d'or, ça donne tout de suite meilleure mine !"",""id"":21633},{""source"":""claude"",""original_id"":""14155"",""pun"":""Un mineur rentre chez lui tout noir. Sa femme lui dit : 'Tu as mauvaise mine !' Il répond : 'Non, j'en sors !'"",""id"":36757}]"	pooled_rankings	"{""comedian"":0.0,""pun_expert"":0.0,""editor"":0.0,""translator"":100.0}"	"{""claude"":25.0,""gemini_pro"":25.0,""gpt"":25.0}"	"{""76115"":22500.0,""82238"":22500.0,""21633"":20000.0,""36757"":10000.0}"	"[{""id"":76115,""source"":""gemini"",""original_id"":""17186"",""score"":22500.0,""pun"":""Il y a une mine de crayons près d'ici: c'est pratique pour garder une bonne mine.""},{""id"":82238,""source"":""gpt_single"",""original_id"":"""",""score"":22500.0,""pun"":""Près d’ici, la mine de moutarde est à moi : plus elle est mienne, moins elle est tienne.""},{""id"":21633,""source"":""gemini_pro_single"",""original_id"":"""",""score"":20000.0,""pun"":""Découvrir une mine d'or, ça donne tout de suite meilleure mine !""},{""id"":36757,""source"":""claude"",""original_id"":""14155"",""score"":10000.0,""pun"":""Un mineur rentre chez lui tout noir. Sa femme lui dit : 'Tu as mauvaise mine !' Il répond : 'Non, j'en sors !'""}]"	76115	gemini	17186	Il y a une mine de crayons près d'ici: c'est pratique pour garder une bonne mine.	22500.0		discriminator_run2_v4
3394	"There's a new TV series about a gang of Chinese zombie chefs. It's called ""The Wok-ing Dead."""	"[{""source"":""claude"",""original_id"":""40917"",""pun"":""Il y a une nouvelle série sur des chefs zombies chinois. Ça s'appelle \""Les Wok-vivants\""."",""id"":23824},{""source"":""gemini"",""original_id"":""36471"",""pun"":""Comment s'appelle le plat préféré des zombies chinois ? Le Wok-ing Dead."",""id"":75932},{""source"":""gemini_pro_single"",""original_id"":"""",""pun"":""Tu connais la nouvelle série sur les chefs cuisiniers asiatiques zombies ? Ça s'appelle The Wok-ing Dead."",""id"":52614},{""source"":""gpt_single"",""original_id"":"""",""pun"":""La série de zombies cuisiniers chinois s’appelle « The Wok-ing Dead » : des morts-vivants qui avancent à petits pas sautés."",""id"":28006}]"	pooled_rankings	"{""comedian"":0.0,""pun_expert"":0.0,""editor"":0.0,""translator"":100.0}"	"{""claude"":25.0,""gemini_pro"":25.0,""gpt"":25.0}"	"{""28006"":25000.0,""52614"":22500.0,""23824"":20000.0,""75932"":7500.0}"	"[{""id"":28006,""source"":""gpt_single"",""original_id"":"""",""score"":25000.0,""pun"":""La série de zombies cuisiniers chinois s’appelle « The Wok-ing Dead » : des morts-vivants qui avancent à petits pas sautés.""},{""id"":52614,""source"":""gemini_pro_single"",""original_id"":"""",""score"":22500.0,""pun"":""Tu connais la nouvelle série sur les chefs cuisiniers asiatiques zombies ? Ça s'appelle The Wok-ing Dead.""},{""id"":23824,""source"":""claude"",""original_id"":""40917"",""score"":20000.0,""pun"":""Il y a une nouvelle série sur des chefs zombies chinois. Ça s'appelle \""Les Wok-vivants\"".""},{""id"":75932,""source"":""gemini"",""original_id"":""36471"",""score"":7500.0,""pun"":""Comment s'appelle le plat préféré des zombies chinois ? Le Wok-ing Dead.""}]"	28006	gpt_single		La série de zombies cuisiniers chinois s’appelle « The Wok-ing Dead » : des morts-vivants qui avancent à petits pas sautés.	25000.0		discriminator_run2_v4
3395	There's a new magnetic steam iron that makes your clothes attractive.	"[{""source"":""gemini_pro_single"",""original_id"":"""",""pun"":""Ce nouveau fer à repasser magnétique rendra tous vos vêtements très attirants."",""id"":43005},{""source"":""gpt_single"",""original_id"":"""",""pun"":""Le nouveau fer à vapeur magnétique rend mes chemises irrésistiblement attirantes."",""id"":56501},{""source"":""gemini"",""original_id"":""75899"",""pun"":""J'ai acheté un fer à repasser aimanté, depuis mes chemises ont un pouvoir d’attraction fou."",""id"":77366},{""source"":""claude"",""original_id"":""43645"",""pun"":""Mon nouveau fer à repasser magnétique est incroyable — maintenant mes vêtements attirent tous les regards... et les trombones."",""id"":50796}]"	pooled_rankings	"{""comedian"":0.0,""pun_expert"":0.0,""editor"":0.0,""translator"":100.0}"	"{""claude"":25.0,""gemini_pro"":25.0,""gpt"":25.0}"	"{""56501"":22500.0,""50796"":20000.0,""43005"":17500.0,""77366"":15000.0}"	"[{""id"":56501,""source"":""gpt_single"",""original_id"":"""",""score"":22500.0,""pun"":""Le nouveau fer à vapeur magnétique rend mes chemises irrésistiblement attirantes.""},{""id"":50796,""source"":""claude"",""original_id"":""43645"",""score"":20000.0,""pun"":""Mon nouveau fer à repasser magnétique est incroyable — maintenant mes vêtements attirent tous les regards... et les trombones.""},{""id"":43005,""source"":""gemini_pro_single"",""original_id"":"""",""score"":17500.0,""pun"":""Ce nouveau fer à repasser magnétique rendra tous vos vêtements très attirants.""},{""id"":77366,""source"":""gemini"",""original_id"":""75899"",""score"":15000.0,""pun"":""J'ai acheté un fer à repasser aimanté, depuis mes chemises ont un pouvoir d’attraction fou.""}]"	56501	gpt_single		Le nouveau fer à vapeur magnétique rend mes chemises irrésistiblement attirantes.	22500.0		discriminator_run2_v4
3396	There's a repair shop for baroque musical instruments.	"[{""source"":""gemini"",""original_id"":""48391"",""pun"":""Le magasin de réparation baroque vient de faire Bach-route."",""id"":71583},{""source"":""gemini_pro_single"",""original_id"":"""",""pun"":""Chez ce réparateur d'instruments baroques, chaque restauration est la luth finale !"",""id"":79082},{""source"":""claude"",""original_id"":""23338"",""pun"":""J'ai amené mon clavecin baroque à l'atelier. Le luthier m'a dit : 'C'est pas baroque, c'est fracassé.'"",""id"":73787},{""source"":""gpt_single"",""original_id"":"""",""pun"":""À l’atelier baroque, on remet les clavecins cassés en état de Bach."",""id"":69724}]"	pooled_rankings	"{""comedian"":0.0,""pun_expert"":0.0,""editor"":0.0,""translator"":100.0}"	"{""claude"":25.0,""gemini_pro"":25.0,""gpt"":25.0}"	"{""73787"":25000.0,""69724"":20000.0,""71583"":15000.0,""79082"":15000.0}"	"[{""id"":73787,""source"":""claude"",""original_id"":""23338"",""score"":25000.0,""pun"":""J'ai amené mon clavecin baroque à l'atelier. Le luthier m'a dit : 'C'est pas baroque, c'est fracassé.'""},{""id"":69724,""source"":""gpt_single"",""original_id"":"""",""score"":20000.0,""pun"":""À l’atelier baroque, on remet les clavecins cassés en état de Bach.""},{""id"":71583,""source"":""gemini"",""original_id"":""48391"",""score"":15000.0,""pun"":""Le magasin de réparation baroque vient de faire Bach-route.""},{""id"":79082,""source"":""gemini_pro_single"",""original_id"":"""",""score"":15000.0,""pun"":""Chez ce réparateur d'instruments baroques, chaque restauration est la luth finale !""}]"	73787	claude	23338	J'ai amené mon clavecin baroque à l'atelier. Le luthier m'a dit : 'C'est pas baroque, c'est fracassé.'	25000.0		discriminator_run2_v4
3397	There's no short cut to becoming a hair stylist.	"[{""source"":""claude"",""original_id"":""70907"",""pun"":""Mon coiffeur dit toujours : dans ce métier, on ne prend pas de raccourci — sauf pour les franges !"",""id"":14474},{""source"":""gemini_pro_single"",""original_id"":"""",""pun"":""Il n'y a pas de raccourci pour devenir coiffeur."",""id"":66171},{""source"":""gemini"",""original_id"":""59047"",""pun"":""Un coiffeur qui travaille trop vite, c'est quelqu'un qui a le sens du raccourci."",""id"":72500},{""source"":""gpt_single"",""original_id"":"""",""pun"":""Pour devenir coiffeur, pas de raccourci : il faut apprendre à couper court."",""id"":72067}]"	pooled_rankings	"{""comedian"":0.0,""pun_expert"":0.0,""editor"":0.0,""translator"":100.0}"	"{""claude"":25.0,""gemini_pro"":25.0,""gpt"":25.0}"	"{""72067"":30000.0,""14474"":17500.0,""72500"":15000.0,""66171"":12500.0}"	"[{""id"":72067,""source"":""gpt_single"",""original_id"":"""",""score"":30000.0,""pun"":""Pour devenir coiffeur, pas de raccourci : il faut apprendre à couper court.""},{""id"":14474,""source"":""claude"",""original_id"":""70907"",""score"":17500.0,""pun"":""Mon coiffeur dit toujours : dans ce métier, on ne prend pas de raccourci — sauf pour les franges !""},{""id"":72500,""source"":""gemini"",""original_id"":""59047"",""score"":15000.0,""pun"":""Un coiffeur qui travaille trop vite, c'est quelqu'un qui a le sens du raccourci.""},{""id"":66171,""source"":""gemini_pro_single"",""original_id"":"""",""score"":12500.0,""pun"":""Il n'y a pas de raccourci pour devenir coiffeur.""}]"	72067	gpt_single		Pour devenir coiffeur, pas de raccourci : il faut apprendre à couper court.	30000.0		discriminator_run2_v4
3398	There's nothing to stop me putting things in tins, he said cannily.	"[{""source"":""gpt_single"",""original_id"":"""",""pun"":""Rien ne m’empêche de tout mettre en boîte, surtout les gens, dit-il finement."",""id"":71414},{""source"":""gemini"",""original_id"":""75354"",""pun"":""Il ne faut jamais se fier à un fabricant de conserves, il en a trop dans la boîte."",""id"":83060},{""source"":""claude"",""original_id"":""33854"",""pun"":""Rien ne m'arrête pour mettre les gens en boîte, dit-il finement."",""id"":55045},{""source"":""gemini_pro_single"",""original_id"":"""",""pun"":""« Rien ne m'empêche de mettre tout ça en boîtes », conclut-il, l'air emballé."",""id"":20651}]"	pooled_rankings	"{""comedian"":0.0,""pun_expert"":0.0,""editor"":0.0,""translator"":100.0}"	"{""claude"":25.0,""gemini_pro"":25.0,""gpt"":25.0}"	"{""20651"":30000.0,""71414"":22500.0,""55045"":15000.0,""83060"":7500.0}"	"[{""id"":20651,""source"":""gemini_pro_single"",""original_id"":"""",""score"":30000.0,""pun"":""« Rien ne m'empêche de mettre tout ça en boîtes », conclut-il, l'air emballé.""},{""id"":71414,""source"":""gpt_single"",""original_id"":"""",""score"":22500.0,""pun"":""Rien ne m’empêche de tout mettre en boîte, surtout les gens, dit-il finement.""},{""id"":55045,""source"":""claude"",""original_id"":""33854"",""score"":15000.0,""pun"":""Rien ne m'arrête pour mettre les gens en boîte, dit-il finement.""},{""id"":83060,""source"":""gemini"",""original_id"":""75354"",""score"":7500.0,""pun"":""Il ne faut jamais se fier à un fabricant de conserves, il en a trop dans la boîte.""}]"	20651	gemini_pro_single		« Rien ne m'empêche de mettre tout ça en boîtes », conclut-il, l'air emballé.	30000.0		discriminator_run2_v4
3399	"""There's room for one more,"" he admitted."	"[{""source"":""gpt_single"",""original_id"":"""",""pun"":""« Il reste une place pour un de plus », a admis le videur."",""id"":80744},{""source"":""gemini"",""original_id"":""26605"",""pun"":""« Je n'aime pas le café », a-t-il admis amèrement."",""id"":86286},{""source"":""claude"",""original_id"":""19310"",""pun"":""L'ascenseur a avoué pouvoir encore en prendre un. C'était la première fois qu'il se confessait."",""id"":98472},{""source"":""gemini_pro_single"",""original_id"":"""",""pun"":""« Il reste de la place pour un de plus », a-t-il admis."",""id"":54531}]"	pooled_rankings	"{""comedian"":0.0,""pun_expert"":0.0,""editor"":0.0,""translator"":100.0}"	"{""claude"":25.0,""gemini_pro"":25.0,""gpt"":25.0}"	"{""54531"":27500.0,""80744"":25000.0,""98472"":15000.0,""86286"":7500.0}"	"[{""id"":54531,""source"":""gemini_pro_single"",""original_id"":"""",""score"":27500.0,""pun"":""« Il reste de la place pour un de plus », a-t-il admis.""},{""id"":80744,""source"":""gpt_single"",""original_id"":"""",""score"":25000.0,""pun"":""« Il reste une place pour un de plus », a admis le videur.""},{""id"":98472,""source"":""claude"",""original_id"":""19310"",""score"":15000.0,""pun"":""L'ascenseur a avoué pouvoir encore en prendre un. C'était la première fois qu'il se confessait.""},{""id"":86286,""source"":""gemini"",""original_id"":""26605"",""score"":7500.0,""pun"":""« Je n'aime pas le café », a-t-il admis amèrement.""}]"	54531	gemini_pro_single		« Il reste de la place pour un de plus », a-t-il admis.	27500.0		discriminator_run2_v4
3400	There's no high like the most high.	"[{""source"":""gemini_pro_single"",""original_id"":"""",""pun"":""Pour planer, rien ne vaut le Très-Haut."",""id"":27185},{""source"":""claude"",""original_id"":""88689"",""pun"":""Le Tout-Puissant : le seul haut sans bas qui suit."",""id"":57803},{""source"":""gpt_single"",""original_id"":"""",""pun"":""Pour planer, rien ne vaut le Très-Haut."",""id"":63412},{""source"":""gemini"",""original_id"":""20235"",""pun"":""Dieu plane tellement qu'on l'appelle le Très-Haut."",""id"":89916}]"	pooled_rankings	"{""comedian"":0.0,""pun_expert"":0.0,""editor"":0.0,""translator"":100.0}"	"{""claude"":25.0,""gemini_pro"":25.0,""gpt"":25.0}"	"{""27185"":22500.0,""63412"":20000.0,""89916"":20000.0,""57803"":12500.0}"	"[{""id"":27185,""source"":""gemini_pro_single"",""original_id"":"""",""score"":22500.0,""pun"":""Pour planer, rien ne vaut le Très-Haut.""},{""id"":63412,""source"":""gpt_single"",""original_id"":"""",""score"":20000.0,""pun"":""Pour planer, rien ne vaut le Très-Haut.""},{""id"":89916,""source"":""gemini"",""original_id"":""20235"",""score"":20000.0,""pun"":""Dieu plane tellement qu'on l'appelle le Très-Haut.""},{""id"":57803,""source"":""claude"",""original_id"":""88689"",""score"":12500.0,""pun"":""Le Tout-Puissant : le seul haut sans bas qui suit.""}]"	27185	gemini_pro_single		Pour planer, rien ne vaut le Très-Haut.	22500.0		discriminator_run2_v4
