id_en	text_clean	shuffled_candidates_json	discriminator_run2_borda_method	discriminator_run2_internal_weights_json	discriminator_run2_model_weights_json	discriminator_run2_borda_scores_json	discriminator_run2_borda_ranking_json	discriminator_run2_winner_id	discriminator_run2_winner_source	discriminator_run2_winner_original_id	discriminator_run2_winner_pun	discriminator_run2_winner_score	discriminator_run2_borda_error	discriminator_run2_borda_version
2601	Quasimodo bought a Ford Focus. It became known as the hatchback of Notre Dame.	"[{""source"":""gemini_pro_single"",""original_id"":"""",""pun"":""Quasimodo s'est acheté une vieille voiture d'occasion. Désormais, on l'appelle la cabossée de Notre-Dame."",""id"":67016},{""source"":""gpt_single"",""original_id"":"""",""pun"":""Quasimodo a choisi une compacte avec un grand coffre : il voulait une voiture qui ait vraiment une malle au dos."",""id"":17325},{""source"":""gemini"",""original_id"":""30846"",""pun"":""S'il gagne au loto, Quasimodo s'achètera une 'Porsche' de Notre-Dame."",""id"":45185},{""source"":""claude"",""original_id"":""99816"",""pun"":""Quasimodo est allé chez le garagiste. Le mécanicien lui a dit : 'Votre coffre a un problème.' Il a répondu : 'Lequel des deux ?'"",""id"":28477}]"	models_then_judges	"{""comedian"":0.0,""pun_expert"":100.0,""editor"":0.0,""translator"":0.0}"	"{""claude"":25.0,""gemini_pro"":25.0,""gpt"":25.0}"	"{""67016"":400.0,""17325"":300.0,""45185"":200.0,""28477"":100.0}"	"[{""id"":67016,""source"":""gemini_pro_single"",""original_id"":"""",""score"":400.0,""pun"":""Quasimodo s'est acheté une vieille voiture d'occasion. Désormais, on l'appelle la cabossée de Notre-Dame.""},{""id"":17325,""source"":""gpt_single"",""original_id"":"""",""score"":300.0,""pun"":""Quasimodo a choisi une compacte avec un grand coffre : il voulait une voiture qui ait vraiment une malle au dos.""},{""id"":45185,""source"":""gemini"",""original_id"":""30846"",""score"":200.0,""pun"":""S'il gagne au loto, Quasimodo s'achètera une 'Porsche' de Notre-Dame.""},{""id"":28477,""source"":""claude"",""original_id"":""99816"",""score"":100.0,""pun"":""Quasimodo est allé chez le garagiste. Le mécanicien lui a dit : 'Votre coffre a un problème.' Il a répondu : 'Lequel des deux ?'""}]"	67016	gemini_pro_single		Quasimodo s'est acheté une vieille voiture d'occasion. Désormais, on l'appelle la cabossée de Notre-Dame.	400.0		discriminator_run2_v4
2602	Qwertyus, god of keyboards, is a character from geek mythology.	"[{""source"":""claude"",""original_id"":""92093"",""pun"":""Dans la mythologie geek, Prométhée n'a pas volé le feu — il a partagé son mot de passe Wi-Fi. Il fut condamné à changer son SSID chaque jour pour l'éternité."",""id"":33611},{""source"":""gemini"",""original_id"":""48263"",""pun"":""Le dieu des câbles réseau est invisible, c'est l'Ether-net d'Athènes."",""id"":51782},{""source"":""gpt_single"",""original_id"":"""",""pun"":""Qwertyus, dieu du clavier, n’est pas grec : il est geek."",""id"":38440},{""source"":""gemini_pro_single"",""original_id"":"""",""pun"":""Qwertyus, le dieu des claviers, est une figure incontournable de la mythologie geek."",""id"":60294}]"	models_then_judges	"{""comedian"":0.0,""pun_expert"":100.0,""editor"":0.0,""translator"":0.0}"	"{""claude"":25.0,""gemini_pro"":25.0,""gpt"":25.0}"	"{""51782"":400.0,""38440"":300.0,""33611"":200.0,""60294"":100.0}"	"[{""id"":51782,""source"":""gemini"",""original_id"":""48263"",""score"":400.0,""pun"":""Le dieu des câbles réseau est invisible, c'est l'Ether-net d'Athènes.""},{""id"":38440,""source"":""gpt_single"",""original_id"":"""",""score"":300.0,""pun"":""Qwertyus, dieu du clavier, n’est pas grec : il est geek.""},{""id"":33611,""source"":""claude"",""original_id"":""92093"",""score"":200.0,""pun"":""Dans la mythologie geek, Prométhée n'a pas volé le feu — il a partagé son mot de passe Wi-Fi. Il fut condamné à changer son SSID chaque jour pour l'éternité.""},{""id"":60294,""source"":""gemini_pro_single"",""original_id"":"""",""score"":100.0,""pun"":""Qwertyus, le dieu des claviers, est une figure incontournable de la mythologie geek.""}]"	51782	gemini	48263	Le dieu des câbles réseau est invisible, c'est l'Ether-net d'Athènes.	400.0		discriminator_run2_v4
2603	Rockfish. Great Seafood. Not a lot of clams.	"[{""source"":""claude"",""original_id"":""46573"",""pun"":""Rockfish : de superbes fruits de mer. Mais côté fric, c'est marée basse."",""id"":98561},{""source"":""gpt_single"",""original_id"":"""",""pun"":""Chez Rockfish, les fruits de mer sont excellents et l’addition n’est pas palourde."",""id"":57682},{""source"":""gemini"",""original_id"":""23575"",""pun"":""Pourquoi les poissons n'ont pas de compte en banque ? Parce qu'ils s'en fiches."",""id"":47848},{""source"":""gemini_pro_single"",""original_id"":"""",""pun"":""D'excellents fruits de mer, pour une addition qui n'est pas salée."",""id"":27805}]"	models_then_judges	"{""comedian"":0.0,""pun_expert"":100.0,""editor"":0.0,""translator"":0.0}"	"{""claude"":25.0,""gemini_pro"":25.0,""gpt"":25.0}"	"{""57682"":400.0,""27805"":300.0,""98561"":200.0,""47848"":100.0}"	"[{""id"":57682,""source"":""gpt_single"",""original_id"":"""",""score"":400.0,""pun"":""Chez Rockfish, les fruits de mer sont excellents et l’addition n’est pas palourde.""},{""id"":27805,""source"":""gemini_pro_single"",""original_id"":"""",""score"":300.0,""pun"":""D'excellents fruits de mer, pour une addition qui n'est pas salée.""},{""id"":98561,""source"":""claude"",""original_id"":""46573"",""score"":200.0,""pun"":""Rockfish : de superbes fruits de mer. Mais côté fric, c'est marée basse.""},{""id"":47848,""source"":""gemini"",""original_id"":""23575"",""score"":100.0,""pun"":""Pourquoi les poissons n'ont pas de compte en banque ? Parce qu'ils s'en fiches.""}]"	57682	gpt_single		Chez Rockfish, les fruits de mer sont excellents et l’addition n’est pas palourde.	400.0		discriminator_run2_v4
2604	Rabbits generally lead a hoppy life.	"[{""source"":""gpt_single"",""original_id"":"""",""pun"":""Chez les lapins, la vie est pleine de bons bonds."",""id"":79103},{""source"":""claude"",""original_id"":""93633"",""pun"":""Les lapins vivent heureux : pour eux, chaque jour est un beau saut-venir."",""id"":58704},{""source"":""gemini"",""original_id"":""25506"",""pun"":""Les lapins détestent le jardinage car ils n'aiment pas qu'on leur pose un lapin."",""id"":21532},{""source"":""gemini_pro_single"",""original_id"":"""",""pun"":""Les lapins prennent toujours la vie du bond côté."",""id"":25524}]"	models_then_judges	"{""comedian"":0.0,""pun_expert"":100.0,""editor"":0.0,""translator"":0.0}"	"{""claude"":25.0,""gemini_pro"":25.0,""gpt"":25.0}"	"{""25524"":400.0,""79103"":300.0,""58704"":200.0,""21532"":100.0}"	"[{""id"":25524,""source"":""gemini_pro_single"",""original_id"":"""",""score"":400.0,""pun"":""Les lapins prennent toujours la vie du bond côté.""},{""id"":79103,""source"":""gpt_single"",""original_id"":"""",""score"":300.0,""pun"":""Chez les lapins, la vie est pleine de bons bonds.""},{""id"":58704,""source"":""claude"",""original_id"":""93633"",""score"":200.0,""pun"":""Les lapins vivent heureux : pour eux, chaque jour est un beau saut-venir.""},{""id"":21532,""source"":""gemini"",""original_id"":""25506"",""score"":100.0,""pun"":""Les lapins détestent le jardinage car ils n'aiment pas qu'on leur pose un lapin.""}]"	25524	gemini_pro_single		Les lapins prennent toujours la vie du bond côté.	400.0		discriminator_run2_v4
2605	Rabbits like their beer brewed with a lot of hops.	"[{""source"":""gemini"",""original_id"":""75778"",""pun"":""Les lapins préfèrent les bières houblonnées parce qu'elles donnent du ressort."",""id"":26702},{""source"":""claude"",""original_id"":""87378"",""pun"":""Le lapin brasseur ne fait jamais de demi-mesure : ses bières, ça saute aux papilles !"",""id"":88888},{""source"":""gpt_single"",""original_id"":"""",""pun"":""Pour un lapin, une bonne bière doit être bien houblonnée, sinon elle manque de bond."",""id"":24727},{""source"":""gemini_pro_single"",""original_id"":"""",""pun"":""On t'a posé un lapin ? Allons boire une bière et houblons tout ça !"",""id"":95782}]"	models_then_judges	"{""comedian"":0.0,""pun_expert"":100.0,""editor"":0.0,""translator"":0.0}"	"{""claude"":25.0,""gemini_pro"":25.0,""gpt"":25.0}"	"{""24727"":400.0,""95782"":300.0,""26702"":200.0,""88888"":100.0}"	"[{""id"":24727,""source"":""gpt_single"",""original_id"":"""",""score"":400.0,""pun"":""Pour un lapin, une bonne bière doit être bien houblonnée, sinon elle manque de bond.""},{""id"":95782,""source"":""gemini_pro_single"",""original_id"":"""",""score"":300.0,""pun"":""On t'a posé un lapin ? Allons boire une bière et houblons tout ça !""},{""id"":26702,""source"":""gemini"",""original_id"":""75778"",""score"":200.0,""pun"":""Les lapins préfèrent les bières houblonnées parce qu'elles donnent du ressort.""},{""id"":88888,""source"":""claude"",""original_id"":""87378"",""score"":100.0,""pun"":""Le lapin brasseur ne fait jamais de demi-mesure : ses bières, ça saute aux papilles !""}]"	24727	gpt_single		Pour un lapin, une bonne bière doit être bien houblonnée, sinon elle manque de bond.	400.0		discriminator_run2_v4
2606	Rain or sun always fun!	"[{""source"":""gemini"",""original_id"":""80213"",""pun"":""Pourquoi le soleil ne va-t-il jamais à l'école ? Parce qu'il a déjà 5 milliards de degrés !"",""id"":20955},{""source"":""gpt_single"",""original_id"":"""",""pun"":""Pluie ou soleil, avec mon fils, c’est toujours un rayon de bonheur."",""id"":79030},{""source"":""claude"",""original_id"":""66697"",""pun"":""Mon fils est mon soleil par beau temps, et mon arc-en-ciel quand il pleure — dans tous les cas, c'est beau !"",""id"":12718},{""source"":""gemini_pro_single"",""original_id"":"""",""pun"":""Qu'il pleuve ou qu'il vente, avec mon gendre le baromètre est toujours au beau-fils !"",""id"":91442}]"	models_then_judges	"{""comedian"":0.0,""pun_expert"":100.0,""editor"":0.0,""translator"":0.0}"	"{""claude"":25.0,""gemini_pro"":25.0,""gpt"":25.0}"	"{""91442"":400.0,""20955"":300.0,""79030"":200.0,""12718"":100.0}"	"[{""id"":91442,""source"":""gemini_pro_single"",""original_id"":"""",""score"":400.0,""pun"":""Qu'il pleuve ou qu'il vente, avec mon gendre le baromètre est toujours au beau-fils !""},{""id"":20955,""source"":""gemini"",""original_id"":""80213"",""score"":300.0,""pun"":""Pourquoi le soleil ne va-t-il jamais à l'école ? Parce qu'il a déjà 5 milliards de degrés !""},{""id"":79030,""source"":""gpt_single"",""original_id"":"""",""score"":200.0,""pun"":""Pluie ou soleil, avec mon fils, c’est toujours un rayon de bonheur.""},{""id"":12718,""source"":""claude"",""original_id"":""66697"",""score"":100.0,""pun"":""Mon fils est mon soleil par beau temps, et mon arc-en-ciel quand il pleure — dans tous les cas, c'est beau !""}]"	91442	gemini_pro_single		Qu'il pleuve ou qu'il vente, avec mon gendre le baromètre est toujours au beau-fils !	400.0		discriminator_run2_v4
2607	ReVittelise!	"[{""source"":""gemini_pro_single"",""original_id"":"""",""pun"":""Un coup de fatigue ? Revittelisez-vous avec une bonne bouteille d'eau !"",""id"":57934},{""source"":""gemini"",""original_id"":""50171"",""pun"":""On va vous re-Vittel-iser !"",""id"":20829},{""source"":""claude"",""original_id"":""22101"",""pun"":""Mon médecin m'a prescrit une reVittelisation complète — deux litres par jour !"",""id"":84384},{""source"":""gpt_single"",""original_id"":"""",""pun"":""Coup de mou ? ReVittelise-toi : avec Vittel, tu reprends la source."",""id"":61512}]"	models_then_judges	"{""comedian"":0.0,""pun_expert"":100.0,""editor"":0.0,""translator"":0.0}"	"{""claude"":25.0,""gemini_pro"":25.0,""gpt"":25.0}"	"{""61512"":400.0,""84384"":300.0,""57934"":200.0,""20829"":100.0}"	"[{""id"":61512,""source"":""gpt_single"",""original_id"":"""",""score"":400.0,""pun"":""Coup de mou ? ReVittelise-toi : avec Vittel, tu reprends la source.""},{""id"":84384,""source"":""claude"",""original_id"":""22101"",""score"":300.0,""pun"":""Mon médecin m'a prescrit une reVittelisation complète — deux litres par jour !""},{""id"":57934,""source"":""gemini_pro_single"",""original_id"":"""",""score"":200.0,""pun"":""Un coup de fatigue ? Revittelisez-vous avec une bonne bouteille d'eau !""},{""id"":20829,""source"":""gemini"",""original_id"":""50171"",""score"":100.0,""pun"":""On va vous re-Vittel-iser !""}]"	61512	gpt_single		Coup de mou ? ReVittelise-toi : avec Vittel, tu reprends la source.	400.0		discriminator_run2_v4
2608	Reading music makes me crotchety.	"[{""source"":""gemini_pro_single"",""original_id"":"""",""pun"":""Lire la musique m'arrache des soupirs et me met d'humeur noire."",""id"":57144},{""source"":""claude"",""original_id"":""95363"",""pun"":""Apprendre la musique me rend maussade — c'est une affaire de noires et de blanches."",""id"":26308},{""source"":""gemini"",""original_id"":""75464"",""pun"":""Les chanteurs d'opéra sont désagréables car ils n'ont aucun sens de la mesure."",""id"":73178},{""source"":""gpt_single"",""original_id"":"""",""pun"":""Lire une partition me rend grincheux : je finis toujours par faire des ré-proches."",""id"":43490}]"	models_then_judges	"{""comedian"":0.0,""pun_expert"":100.0,""editor"":0.0,""translator"":0.0}"	"{""claude"":25.0,""gemini_pro"":25.0,""gpt"":25.0}"	"{""57144"":400.0,""43490"":300.0,""73178"":200.0,""26308"":100.0}"	"[{""id"":57144,""source"":""gemini_pro_single"",""original_id"":"""",""score"":400.0,""pun"":""Lire la musique m'arrache des soupirs et me met d'humeur noire.""},{""id"":43490,""source"":""gpt_single"",""original_id"":"""",""score"":300.0,""pun"":""Lire une partition me rend grincheux : je finis toujours par faire des ré-proches.""},{""id"":73178,""source"":""gemini"",""original_id"":""75464"",""score"":200.0,""pun"":""Les chanteurs d'opéra sont désagréables car ils n'ont aucun sens de la mesure.""},{""id"":26308,""source"":""claude"",""original_id"":""95363"",""score"":100.0,""pun"":""Apprendre la musique me rend maussade — c'est une affaire de noires et de blanches.""}]"	57144	gemini_pro_single		Lire la musique m'arrache des soupirs et me met d'humeur noire.	400.0		discriminator_run2_v4
2609	Real estate agents believe in doing good deeds.	"[{""source"":""gemini_pro_single"",""original_id"":"""",""pun"":""Les agents immobiliers sont des gens de bien : on les juge sur leurs actes."",""id"":73289},{""source"":""gpt_single"",""original_id"":"""",""pun"":""Chez les agents immobiliers, les bonnes actions finissent toujours en actes de propriété."",""id"":66804},{""source"":""claude"",""original_id"":""71949"",""pun"":""L'agent immobilier est un homme de bien — et surtout de biens."",""id"":24035},{""source"":""gemini"",""original_id"":""67424"",""pun"":""L'agent immobilier est très poli : quand il entre, il loue le Seigneur."",""id"":19668}]"	models_then_judges	"{""comedian"":0.0,""pun_expert"":100.0,""editor"":0.0,""translator"":0.0}"	"{""claude"":25.0,""gemini_pro"":25.0,""gpt"":25.0}"	"{""73289"":400.0,""19668"":300.0,""24035"":200.0,""66804"":100.0}"	"[{""id"":73289,""source"":""gemini_pro_single"",""original_id"":"""",""score"":400.0,""pun"":""Les agents immobiliers sont des gens de bien : on les juge sur leurs actes.""},{""id"":19668,""source"":""gemini"",""original_id"":""67424"",""score"":300.0,""pun"":""L'agent immobilier est très poli : quand il entre, il loue le Seigneur.""},{""id"":24035,""source"":""claude"",""original_id"":""71949"",""score"":200.0,""pun"":""L'agent immobilier est un homme de bien — et surtout de biens.""},{""id"":66804,""source"":""gpt_single"",""original_id"":"""",""score"":100.0,""pun"":""Chez les agents immobiliers, les bonnes actions finissent toujours en actes de propriété.""}]"	73289	gemini_pro_single		Les agents immobiliers sont des gens de bien : on les juge sur leurs actes.	400.0		discriminator_run2_v4
2610	Reassembling the skeletons of prehistoric mammals can be a mammoth undertaking.	"[{""source"":""gpt_single"",""original_id"":"""",""pun"":""Remonter des squelettes de mammouths, c’est vraiment un travail de mammouth."",""id"":78579},{""source"":""claude"",""original_id"":""98086"",""pun"":""Reconstituer un mammouth demande une patience mammouth… et un budget qui l'est tout autant."",""id"":28045},{""source"":""gemini"",""original_id"":""94467"",""pun"":""Reconstituer un squelette de pachyderme, c'est un travail colossal qui demande de l'ivoire-faire."",""id"":28390},{""source"":""gemini_pro_single"",""original_id"":"""",""pun"":""Reconstituer les squelettes d'animaux préhistoriques, c'est un vrai travail de mammouth."",""id"":44059}]"	models_then_judges	"{""comedian"":0.0,""pun_expert"":100.0,""editor"":0.0,""translator"":0.0}"	"{""claude"":25.0,""gemini_pro"":25.0,""gpt"":25.0}"	"{""28390"":400.0,""44059"":300.0,""78579"":200.0,""28045"":100.0}"	"[{""id"":28390,""source"":""gemini"",""original_id"":""94467"",""score"":400.0,""pun"":""Reconstituer un squelette de pachyderme, c'est un travail colossal qui demande de l'ivoire-faire.""},{""id"":44059,""source"":""gemini_pro_single"",""original_id"":"""",""score"":300.0,""pun"":""Reconstituer les squelettes d'animaux préhistoriques, c'est un vrai travail de mammouth.""},{""id"":78579,""source"":""gpt_single"",""original_id"":"""",""score"":200.0,""pun"":""Remonter des squelettes de mammouths, c’est vraiment un travail de mammouth.""},{""id"":28045,""source"":""claude"",""original_id"":""98086"",""score"":100.0,""pun"":""Reconstituer un mammouth demande une patience mammouth… et un budget qui l'est tout autant.""}]"	28390	gemini	94467	Reconstituer un squelette de pachyderme, c'est un travail colossal qui demande de l'ivoire-faire.	400.0		discriminator_run2_v4
2611	Recent survey revealed 6 out of 7 dwarf's aren't happy.	"[{""source"":""claude"",""original_id"":""96649"",""pun"":""Un sondage révèle que 6 nains sur 7 ne sont pas Ravi. Le septième, si — mais Ravi, c'est son prénom."",""id"":25863},{""source"":""gemini"",""original_id"":""57479"",""pun"":""Selon un sondage, la plupart des nains ne sont pas joyeux. En fait, il n'y en a qu'un sur Sept."",""id"":23100},{""source"":""gemini_pro_single"",""original_id"":"""",""pun"":""Selon un récent sondage, 6 nains sur 7 ne sont pas Joyeux."",""id"":26739},{""source"":""gpt_single"",""original_id"":"""",""pun"":""Selon un sondage, chez les sept nains, six sur sept ne sont pas Joyeux."",""id"":93624}]"	models_then_judges	"{""comedian"":0.0,""pun_expert"":100.0,""editor"":0.0,""translator"":0.0}"	"{""claude"":25.0,""gemini_pro"":25.0,""gpt"":25.0}"	"{""25863"":400.0,""26739"":300.0,""93624"":200.0,""23100"":100.0}"	"[{""id"":25863,""source"":""claude"",""original_id"":""96649"",""score"":400.0,""pun"":""Un sondage révèle que 6 nains sur 7 ne sont pas Ravi. Le septième, si — mais Ravi, c'est son prénom.""},{""id"":26739,""source"":""gemini_pro_single"",""original_id"":"""",""score"":300.0,""pun"":""Selon un récent sondage, 6 nains sur 7 ne sont pas Joyeux.""},{""id"":93624,""source"":""gpt_single"",""original_id"":"""",""score"":200.0,""pun"":""Selon un sondage, chez les sept nains, six sur sept ne sont pas Joyeux.""},{""id"":23100,""source"":""gemini"",""original_id"":""57479"",""score"":100.0,""pun"":""Selon un sondage, la plupart des nains ne sont pas joyeux. En fait, il n'y en a qu'un sur Sept.""}]"	25863	claude	96649	Un sondage révèle que 6 nains sur 7 ne sont pas Ravi. Le septième, si — mais Ravi, c'est son prénom.	400.0		discriminator_run2_v4
2612	Rejection is all about who you no.	"[{""source"":""claude"",""original_id"":""99599"",""pun"":""Pour réussir, il faut savoir à qui dire non — moi j'ai maîtrisé la partie où c'est aux autres de me le dire."",""id"":94925},{""source"":""gemini"",""original_id"":""81325"",""pun"":""On m'a proposé un travail de devin, j'ai dit non car je ne voyais pas d'avenir là-dedans."",""id"":27057},{""source"":""gpt_single"",""original_id"":"""",""pun"":""Le rejet, ce n’est pas qui te connaît, c’est qui te « non-naît »."",""id"":40192},{""source"":""gemini_pro_single"",""original_id"":"""",""pun"":""Le rejet, c'est avant tout l'art de se faire un non."",""id"":67977}]"	models_then_judges	"{""comedian"":0.0,""pun_expert"":100.0,""editor"":0.0,""translator"":0.0}"	"{""claude"":25.0,""gemini_pro"":25.0,""gpt"":25.0}"	"{""67977"":400.0,""27057"":300.0,""40192"":200.0,""94925"":100.0}"	"[{""id"":67977,""source"":""gemini_pro_single"",""original_id"":"""",""score"":400.0,""pun"":""Le rejet, c'est avant tout l'art de se faire un non.""},{""id"":27057,""source"":""gemini"",""original_id"":""81325"",""score"":300.0,""pun"":""On m'a proposé un travail de devin, j'ai dit non car je ne voyais pas d'avenir là-dedans.""},{""id"":40192,""source"":""gpt_single"",""original_id"":"""",""score"":200.0,""pun"":""Le rejet, ce n’est pas qui te connaît, c’est qui te « non-naît ».""},{""id"":94925,""source"":""claude"",""original_id"":""99599"",""score"":100.0,""pun"":""Pour réussir, il faut savoir à qui dire non — moi j'ai maîtrisé la partie où c'est aux autres de me le dire.""}]"	67977	gemini_pro_single		Le rejet, c'est avant tout l'art de se faire un non.	400.0		discriminator_run2_v4
2613	Relationship driven.	"[{""source"":""gemini_pro_single"",""original_id"":"""",""pun"":""Avec mon moniteur d'auto-école, notre relation repose sur une bonne conduite."",""id"":51859},{""source"":""gpt_single"",""original_id"":"""",""pun"":""Notre couple carbure à l’amour : c’est une relation en conduite accompagnée."",""id"":22617},{""source"":""gemini"",""original_id"":""83408"",""pun"":""Elle est v ritablement propuls e par ses relations, c'est une femme \u0005 r action."",""id"":50697},{""source"":""claude"",""original_id"":""83710"",""pun"":""Elle cherche un homme transporté par l'amour. Elle a fini avec un chauffeur de taxi."",""id"":77342}]"	models_then_judges	"{""comedian"":0.0,""pun_expert"":100.0,""editor"":0.0,""translator"":0.0}"	"{""claude"":25.0,""gemini_pro"":25.0,""gpt"":25.0}"	"{""51859"":400.0,""22617"":300.0,""77342"":200.0,""50697"":100.0}"	"[{""id"":51859,""source"":""gemini_pro_single"",""original_id"":"""",""score"":400.0,""pun"":""Avec mon moniteur d'auto-école, notre relation repose sur une bonne conduite.""},{""id"":22617,""source"":""gpt_single"",""original_id"":"""",""score"":300.0,""pun"":""Notre couple carbure à l’amour : c’est une relation en conduite accompagnée.""},{""id"":77342,""source"":""claude"",""original_id"":""83710"",""score"":200.0,""pun"":""Elle cherche un homme transporté par l'amour. Elle a fini avec un chauffeur de taxi.""},{""id"":50697,""source"":""gemini"",""original_id"":""83408"",""score"":100.0,""pun"":""Elle est v ritablement propuls e par ses relations, c'est une femme \u0005 r action.""}]"	51859	gemini_pro_single		Avec mon moniteur d'auto-école, notre relation repose sur une bonne conduite.	400.0		discriminator_run2_v4
2614	Remarks by critiques about Back are duly noted.	"[{""source"":""gemini_pro_single"",""original_id"":"""",""pun"":""L'ostéopathe a déclaré qu'il en avait plein le dos de toutes ces critiques."",""id"":59955},{""source"":""gpt_single"",""original_id"":"""",""pun"":""Vos critiques sur mon dos sont dûment notées… au dos."",""id"":12678},{""source"":""claude"",""original_id"":""43099"",""pun"":""Toutes les remarques des critiques sur mon passé sont bien notées… dans mon dos."",""id"":72937},{""source"":""gemini"",""original_id"":""86446"",""pun"":""Au restaurant, le bossu a commandé un plat de pâtes : des torti-colis."",""id"":55907}]"	models_then_judges	"{""comedian"":0.0,""pun_expert"":100.0,""editor"":0.0,""translator"":0.0}"	"{""claude"":25.0,""gemini_pro"":25.0,""gpt"":25.0}"	"{""55907"":400.0,""12678"":300.0,""59955"":200.0,""72937"":100.0}"	"[{""id"":55907,""source"":""gemini"",""original_id"":""86446"",""score"":400.0,""pun"":""Au restaurant, le bossu a commandé un plat de pâtes : des torti-colis.""},{""id"":12678,""source"":""gpt_single"",""original_id"":"""",""score"":300.0,""pun"":""Vos critiques sur mon dos sont dûment notées… au dos.""},{""id"":59955,""source"":""gemini_pro_single"",""original_id"":"""",""score"":200.0,""pun"":""L'ostéopathe a déclaré qu'il en avait plein le dos de toutes ces critiques.""},{""id"":72937,""source"":""claude"",""original_id"":""43099"",""score"":100.0,""pun"":""Toutes les remarques des critiques sur mon passé sont bien notées… dans mon dos.""}]"	55907	gemini	86446	Au restaurant, le bossu a commandé un plat de pâtes : des torti-colis.	400.0		discriminator_run2_v4
2615	Remembering the Mongol leader's reputation for chicanery, Marco Polo approached the palace of the khan warily.	"[{""source"":""gemini"",""original_id"":""53514"",""pun"":""Le souverain mongol était si prévisible que Marco Polo a tout deviné Khan il est arrivé."",""id"":97624},{""source"":""gemini_pro_single"",""original_id"":"""",""pun"":""Méfiant face aux ruses du dirigeant mongol, Marco Polo s'avança prudemment pour ne pas passer pour un Khan."",""id"":43561},{""source"":""claude"",""original_id"":""52799"",""pun"":""Marco Polo arriva prudemment au palais : il savait que le khan avait plus d'un tour dans son ger."",""id"":58672},{""source"":""gpt_single"",""original_id"":"""",""pun"":""Marco Polo approcha le palais à pas comptés : ce Khan avait une réputation de khanaille."",""id"":99819}]"	models_then_judges	"{""comedian"":0.0,""pun_expert"":100.0,""editor"":0.0,""translator"":0.0}"	"{""claude"":25.0,""gemini_pro"":25.0,""gpt"":25.0}"	"{""99819"":400.0,""97624"":300.0,""58672"":200.0,""43561"":100.0}"	"[{""id"":99819,""source"":""gpt_single"",""original_id"":"""",""score"":400.0,""pun"":""Marco Polo approcha le palais à pas comptés : ce Khan avait une réputation de khanaille.""},{""id"":97624,""source"":""gemini"",""original_id"":""53514"",""score"":300.0,""pun"":""Le souverain mongol était si prévisible que Marco Polo a tout deviné Khan il est arrivé.""},{""id"":58672,""source"":""claude"",""original_id"":""52799"",""score"":200.0,""pun"":""Marco Polo arriva prudemment au palais : il savait que le khan avait plus d'un tour dans son ger.""},{""id"":43561,""source"":""gemini_pro_single"",""original_id"":"""",""score"":100.0,""pun"":""Méfiant face aux ruses du dirigeant mongol, Marco Polo s'avança prudemment pour ne pas passer pour un Khan.""}]"	99819	gpt_single		Marco Polo approcha le palais à pas comptés : ce Khan avait une réputation de khanaille.	400.0		discriminator_run2_v4
2616	Rental agents offer quarters for dollars.	"[{""source"":""gpt_single"",""original_id"":"""",""pun"":""Les agents immobiliers sont les seuls à te louer des pièces contre des pièces."",""id"":96009},{""source"":""gemini"",""original_id"":""15800"",""pun"":""Un banquier qui loue des apparts cherche toujours à loger son argent."",""id"":16673},{""source"":""gemini_pro_single"",""original_id"":"""",""pun"":""Les agents immobiliers échangent vos gros billets contre de petites pièces."",""id"":42905},{""source"":""claude"",""original_id"":""25344"",""pun"":""L'agence propose des quatre-pièces pour une pièce. Faut juste savoir de quelle pièce on parle."",""id"":41707}]"	models_then_judges	"{""comedian"":0.0,""pun_expert"":100.0,""editor"":0.0,""translator"":0.0}"	"{""claude"":25.0,""gemini_pro"":25.0,""gpt"":25.0}"	"{""96009"":400.0,""16673"":300.0,""42905"":200.0,""41707"":100.0}"	"[{""id"":96009,""source"":""gpt_single"",""original_id"":"""",""score"":400.0,""pun"":""Les agents immobiliers sont les seuls à te louer des pièces contre des pièces.""},{""id"":16673,""source"":""gemini"",""original_id"":""15800"",""score"":300.0,""pun"":""Un banquier qui loue des apparts cherche toujours à loger son argent.""},{""id"":42905,""source"":""gemini_pro_single"",""original_id"":"""",""score"":200.0,""pun"":""Les agents immobiliers échangent vos gros billets contre de petites pièces.""},{""id"":41707,""source"":""claude"",""original_id"":""25344"",""score"":100.0,""pun"":""L'agence propose des quatre-pièces pour une pièce. Faut juste savoir de quelle pièce on parle.""}]"	96009	gpt_single		Les agents immobiliers sont les seuls à te louer des pièces contre des pièces.	400.0		discriminator_run2_v4
2617	Reported sightings of the abominable snowman are yeti to be confirmed.	"[{""source"":""claude"",""original_id"":""80213"",""pun"":""Le yéti fait la une depuis des décennies, mais les preuves ? On n'en a pas yéti vu la couleur."",""id"":33634},{""source"":""gpt_single"",""original_id"":"""",""pun"":""Le yéti, y est-il vraiment, ou reste-t-il encore à confirmer ?"",""id"":50268},{""source"":""gemini_pro_single"",""original_id"":"""",""pun"":""L'abominable homme des neiges, mythe ou réalité ? Yéti ou n'yéti pas ?"",""id"":54108},{""source"":""gemini"",""original_id"":""60834"",""pun"":""Les témoins du Yeti sont formels : c'est un sujet très poil-émique."",""id"":18554}]"	models_then_judges	"{""comedian"":0.0,""pun_expert"":100.0,""editor"":0.0,""translator"":0.0}"	"{""claude"":25.0,""gemini_pro"":25.0,""gpt"":25.0}"	"{""54108"":400.0,""50268"":300.0,""18554"":200.0,""33634"":100.0}"	"[{""id"":54108,""source"":""gemini_pro_single"",""original_id"":"""",""score"":400.0,""pun"":""L'abominable homme des neiges, mythe ou réalité ? Yéti ou n'yéti pas ?""},{""id"":50268,""source"":""gpt_single"",""original_id"":"""",""score"":300.0,""pun"":""Le yéti, y est-il vraiment, ou reste-t-il encore à confirmer ?""},{""id"":18554,""source"":""gemini"",""original_id"":""60834"",""score"":200.0,""pun"":""Les témoins du Yeti sont formels : c'est un sujet très poil-émique.""},{""id"":33634,""source"":""claude"",""original_id"":""80213"",""score"":100.0,""pun"":""Le yéti fait la une depuis des décennies, mais les preuves ? On n'en a pas yéti vu la couleur.""}]"	54108	gemini_pro_single		L'abominable homme des neiges, mythe ou réalité ? Yéti ou n'yéti pas ?	400.0		discriminator_run2_v4
2618	Retired teachers are classless.	"[{""source"":""gemini_pro_single"",""original_id"":"""",""pun"":""Les professeurs à la retraite n'ont vraiment plus aucune classe."",""id"":52605},{""source"":""gpt_single"",""original_id"":"""",""pun"":""Depuis qu’ils sont à la retraite, les profs n’ont plus la classe."",""id"":79062},{""source"":""gemini"",""original_id"":""95581"",""pun"":""Les profs démissionnaires manquent de classe."",""id"":22487},{""source"":""claude"",""original_id"":""50171"",""pun"":""Les professeurs retraités n'ont plus de classe."",""id"":62273}]"	models_then_judges	"{""comedian"":0.0,""pun_expert"":100.0,""editor"":0.0,""translator"":0.0}"	"{""claude"":25.0,""gemini_pro"":25.0,""gpt"":25.0}"	"{""79062"":400.0,""52605"":300.0,""62273"":200.0,""22487"":100.0}"	"[{""id"":79062,""source"":""gpt_single"",""original_id"":"""",""score"":400.0,""pun"":""Depuis qu’ils sont à la retraite, les profs n’ont plus la classe.""},{""id"":52605,""source"":""gemini_pro_single"",""original_id"":"""",""score"":300.0,""pun"":""Les professeurs à la retraite n'ont vraiment plus aucune classe.""},{""id"":62273,""source"":""claude"",""original_id"":""50171"",""score"":200.0,""pun"":""Les professeurs retraités n'ont plus de classe.""},{""id"":22487,""source"":""gemini"",""original_id"":""95581"",""score"":100.0,""pun"":""Les profs démissionnaires manquent de classe.""}]"	79062	gpt_single		Depuis qu’ils sont à la retraite, les profs n’ont plus la classe.	400.0		discriminator_run2_v4
2619	Reveal yourself.	"[{""source"":""claude"",""original_id"":""46113"",""pun"":""Pourquoi le boucher ne cache jamais rien ? Parce qu'il se ré-veau-le toujours !"",""id"":14435},{""source"":""gemini"",""original_id"":""72446"",""pun"":""Le boucher a enfin avoué son secret, il a fini par lâcher le morceau."",""id"":70290},{""source"":""gpt_single"",""original_id"":"""",""pun"":""Révèle-toi, petit veau : tu vaux le coup d’œil !"",""id"":91192},{""source"":""gemini_pro_single"",""original_id"":"""",""pun"":""Pour se révéler au monde, le boucher a dévoilé son auto-porc-trait."",""id"":51504}]"	models_then_judges	"{""comedian"":0.0,""pun_expert"":100.0,""editor"":0.0,""translator"":0.0}"	"{""claude"":25.0,""gemini_pro"":25.0,""gpt"":25.0}"	"{""51504"":400.0,""70290"":300.0,""14435"":200.0,""91192"":100.0}"	"[{""id"":51504,""source"":""gemini_pro_single"",""original_id"":"""",""score"":400.0,""pun"":""Pour se révéler au monde, le boucher a dévoilé son auto-porc-trait.""},{""id"":70290,""source"":""gemini"",""original_id"":""72446"",""score"":300.0,""pun"":""Le boucher a enfin avoué son secret, il a fini par lâcher le morceau.""},{""id"":14435,""source"":""claude"",""original_id"":""46113"",""score"":200.0,""pun"":""Pourquoi le boucher ne cache jamais rien ? Parce qu'il se ré-veau-le toujours !""},{""id"":91192,""source"":""gpt_single"",""original_id"":"""",""score"":100.0,""pun"":""Révèle-toi, petit veau : tu vaux le coup d’œil !""}]"	51504	gemini_pro_single		Pour se révéler au monde, le boucher a dévoilé son auto-porc-trait.	400.0		discriminator_run2_v4
2620	Ride with the tribe!	"[{""source"":""gpt_single"",""original_id"":"""",""pun"":""Ma tribu ne descend pas des Gaulois, elle descend l’autoroute en Harley."",""id"":14944},{""source"":""gemini_pro_single"",""original_id"":"""",""pun"":""Ce gang de bikers écolos est très strict sur le recrutement : ils pratiquent la tribu sélective !"",""id"":54780},{""source"":""claude"",""original_id"":""72590"",""pun"":""Notre bande roule ensemble — c'est dans nos gènes, pas dans nos jeans !"",""id"":98052},{""source"":""gemini"",""original_id"":""82105"",""pun"":""On roule en famille : c'est notre arbre à cames généalogique."",""id"":94267}]"	models_then_judges	"{""comedian"":0.0,""pun_expert"":100.0,""editor"":0.0,""translator"":0.0}"	"{""claude"":25.0,""gemini_pro"":25.0,""gpt"":25.0}"	"{""54780"":400.0,""94267"":300.0,""14944"":200.0,""98052"":100.0}"	"[{""id"":54780,""source"":""gemini_pro_single"",""original_id"":"""",""score"":400.0,""pun"":""Ce gang de bikers écolos est très strict sur le recrutement : ils pratiquent la tribu sélective !""},{""id"":94267,""source"":""gemini"",""original_id"":""82105"",""score"":300.0,""pun"":""On roule en famille : c'est notre arbre à cames généalogique.""},{""id"":14944,""source"":""gpt_single"",""original_id"":"""",""score"":200.0,""pun"":""Ma tribu ne descend pas des Gaulois, elle descend l’autoroute en Harley.""},{""id"":98052,""source"":""claude"",""original_id"":""72590"",""score"":100.0,""pun"":""Notre bande roule ensemble — c'est dans nos gènes, pas dans nos jeans !""}]"	54780	gemini_pro_single		Ce gang de bikers écolos est très strict sur le recrutement : ils pratiquent la tribu sélective !	400.0		discriminator_run2_v4
2621	Roentgen was radiating.	"[{""source"":""gemini_pro_single"",""original_id"":"""",""pun"":""Lorsqu'il a découvert les rayons X, Röntgen était rayonnant."",""id"":44477},{""source"":""gemini"",""original_id"":""97868"",""pun"":""Un électricien qui meurt, c'est un choc pour la famille, il n'était pas au courant."",""id"":41938},{""source"":""claude"",""original_id"":""34957"",""pun"":""Röntgen avait une personnalité pénétrante. Vraiment. Jusqu'aux os."",""id"":81998},{""source"":""gpt_single"",""original_id"":"""",""pun"":""Quand Röntgen a découvert les rayons X, il était rayonnant."",""id"":19762}]"	models_then_judges	"{""comedian"":0.0,""pun_expert"":100.0,""editor"":0.0,""translator"":0.0}"	"{""claude"":25.0,""gemini_pro"":25.0,""gpt"":25.0}"	"{""41938"":400.0,""44477"":300.0,""19762"":200.0,""81998"":100.0}"	"[{""id"":41938,""source"":""gemini"",""original_id"":""97868"",""score"":400.0,""pun"":""Un électricien qui meurt, c'est un choc pour la famille, il n'était pas au courant.""},{""id"":44477,""source"":""gemini_pro_single"",""original_id"":"""",""score"":300.0,""pun"":""Lorsqu'il a découvert les rayons X, Röntgen était rayonnant.""},{""id"":19762,""source"":""gpt_single"",""original_id"":"""",""score"":200.0,""pun"":""Quand Röntgen a découvert les rayons X, il était rayonnant.""},{""id"":81998,""source"":""claude"",""original_id"":""34957"",""score"":100.0,""pun"":""Röntgen avait une personnalité pénétrante. Vraiment. Jusqu'aux os.""}]"	41938	gemini	97868	Un électricien qui meurt, c'est un choc pour la famille, il n'était pas au courant.	400.0		discriminator_run2_v4
2622	Rolling personality.	"[{""source"":""gemini_pro_single"",""original_id"":"""",""pun"":""J'adore la personnalité de ce cycliste : avec lui, tout roule !"",""id"":25838},{""source"":""gpt_single"",""original_id"":"""",""pun"":""Sa personnalité est très roulante : avec lui, tout roule, même dans les virages."",""id"":87678},{""source"":""claude"",""original_id"":""18254"",""pun"":""Il a un caractère cyclique : il vous roule dessus le lundi et vous remonte le moral le mardi."",""id"":40801},{""source"":""gemini"",""original_id"":""66859"",""pun"":""Le pneu était épuisé, il en avait marre de faire le tour de la question."",""id"":49332}]"	models_then_judges	"{""comedian"":0.0,""pun_expert"":100.0,""editor"":0.0,""translator"":0.0}"	"{""claude"":25.0,""gemini_pro"":25.0,""gpt"":25.0}"	"{""49332"":400.0,""40801"":300.0,""25838"":200.0,""87678"":100.0}"	"[{""id"":49332,""source"":""gemini"",""original_id"":""66859"",""score"":400.0,""pun"":""Le pneu était épuisé, il en avait marre de faire le tour de la question.""},{""id"":40801,""source"":""claude"",""original_id"":""18254"",""score"":300.0,""pun"":""Il a un caractère cyclique : il vous roule dessus le lundi et vous remonte le moral le mardi.""},{""id"":25838,""source"":""gemini_pro_single"",""original_id"":"""",""score"":200.0,""pun"":""J'adore la personnalité de ce cycliste : avec lui, tout roule !""},{""id"":87678,""source"":""gpt_single"",""original_id"":"""",""score"":100.0,""pun"":""Sa personnalité est très roulante : avec lui, tout roule, même dans les virages.""}]"	49332	gemini	66859	Le pneu était épuisé, il en avait marre de faire le tour de la question.	400.0		discriminator_run2_v4
2623	Romance isn't a science-it's a heart.	"[{""source"":""gemini"",""original_id"":""34879"",""pun"":""Les chirurgiens cardiaques sont des romantiques : ils ne travaillent que par coup de cœur."",""id"":28807},{""source"":""gemini_pro_single"",""original_id"":"""",""pun"":""L'amour n'est pas une science exacte, ça s'apprend par cœur."",""id"":60472},{""source"":""gpt_single"",""original_id"":"""",""pun"":""L’amour n’est pas une science exacte : c’est une affaire de cœur, même quand il a des ratés."",""id"":50962},{""source"":""claude"",""original_id"":""78697"",""pun"":""Je suis tombé amoureux d'une cardiologue. Elle dit que mon cœur l'appartient. Moi, je pense surtout qu'elle l'a opéré sans consentement."",""id"":19031}]"	models_then_judges	"{""comedian"":0.0,""pun_expert"":100.0,""editor"":0.0,""translator"":0.0}"	"{""claude"":25.0,""gemini_pro"":25.0,""gpt"":25.0}"	"{""28807"":400.0,""50962"":300.0,""60472"":200.0,""19031"":100.0}"	"[{""id"":28807,""source"":""gemini"",""original_id"":""34879"",""score"":400.0,""pun"":""Les chirurgiens cardiaques sont des romantiques : ils ne travaillent que par coup de cœur.""},{""id"":50962,""source"":""gpt_single"",""original_id"":"""",""score"":300.0,""pun"":""L’amour n’est pas une science exacte : c’est une affaire de cœur, même quand il a des ratés.""},{""id"":60472,""source"":""gemini_pro_single"",""original_id"":"""",""score"":200.0,""pun"":""L'amour n'est pas une science exacte, ça s'apprend par cœur.""},{""id"":19031,""source"":""claude"",""original_id"":""78697"",""score"":100.0,""pun"":""Je suis tombé amoureux d'une cardiologue. Elle dit que mon cœur l'appartient. Moi, je pense surtout qu'elle l'a opéré sans consentement.""}]"	28807	gemini	34879	Les chirurgiens cardiaques sont des romantiques : ils ne travaillent que par coup de cœur.	400.0		discriminator_run2_v4
2624	Roofers are straightforward. You can tell what they are rafter.	"[{""source"":""gemini"",""original_id"":""94553"",""pun"":""J'ai demandé à un couvreur si son métier était dur, il m'a dit : « C'est le toit ou rien. »"",""id"":64155},{""source"":""claude"",""original_id"":""20733"",""pun"":""Les couvreurs ne font pas de mystère : on sait toujours ce qu'ils sont en train de suivre — une fuite."",""id"":15825},{""source"":""gpt_single"",""original_id"":"""",""pun"":""Les couvreurs sont francs : avec eux, tout est à découvert."",""id"":16346},{""source"":""gemini_pro_single"",""original_id"":"""",""pun"":""Les couvreurs sont des gens très directs, ils vont toujours droit au faîte."",""id"":26626}]"	models_then_judges	"{""comedian"":0.0,""pun_expert"":100.0,""editor"":0.0,""translator"":0.0}"	"{""claude"":25.0,""gemini_pro"":25.0,""gpt"":25.0}"	"{""26626"":400.0,""64155"":300.0,""16346"":200.0,""15825"":100.0}"	"[{""id"":26626,""source"":""gemini_pro_single"",""original_id"":"""",""score"":400.0,""pun"":""Les couvreurs sont des gens très directs, ils vont toujours droit au faîte.""},{""id"":64155,""source"":""gemini"",""original_id"":""94553"",""score"":300.0,""pun"":""J'ai demandé à un couvreur si son métier était dur, il m'a dit : « C'est le toit ou rien. »""},{""id"":16346,""source"":""gpt_single"",""original_id"":"""",""score"":200.0,""pun"":""Les couvreurs sont francs : avec eux, tout est à découvert.""},{""id"":15825,""source"":""claude"",""original_id"":""20733"",""score"":100.0,""pun"":""Les couvreurs ne font pas de mystère : on sait toujours ce qu'ils sont en train de suivre — une fuite.""}]"	26626	gemini_pro_single		Les couvreurs sont des gens très directs, ils vont toujours droit au faîte.	400.0		discriminator_run2_v4
2625	Royale. A Stronger Feeling of Softness.	"[{""source"":""gemini"",""original_id"":""57770"",""pun"":""Douceur Royale : le privilège d'avoir la tête (et le reste) couronnée."",""id"":67907},{""source"":""gpt_single"",""original_id"":"""",""pun"":""Avec Royale, même le trône devient royal."",""id"":51303},{""source"":""claude"",""original_id"":""89185"",""pun"":""Le papier toilette royal : parce que même vos fesses méritent un trône."",""id"":60937},{""source"":""gemini_pro_single"",""original_id"":"""",""pun"":""Avec le papier Royale, siéger sur le trône n'a jamais été aussi doux."",""id"":95932}]"	models_then_judges	"{""comedian"":0.0,""pun_expert"":100.0,""editor"":0.0,""translator"":0.0}"	"{""claude"":25.0,""gemini_pro"":25.0,""gpt"":25.0}"	"{""95932"":400.0,""67907"":300.0,""51303"":200.0,""60937"":100.0}"	"[{""id"":95932,""source"":""gemini_pro_single"",""original_id"":"""",""score"":400.0,""pun"":""Avec le papier Royale, siéger sur le trône n'a jamais été aussi doux.""},{""id"":67907,""source"":""gemini"",""original_id"":""57770"",""score"":300.0,""pun"":""Douceur Royale : le privilège d'avoir la tête (et le reste) couronnée.""},{""id"":51303,""source"":""gpt_single"",""original_id"":"""",""score"":200.0,""pun"":""Avec Royale, même le trône devient royal.""},{""id"":60937,""source"":""claude"",""original_id"":""89185"",""score"":100.0,""pun"":""Le papier toilette royal : parce que même vos fesses méritent un trône.""}]"	95932	gemini_pro_single		Avec le papier Royale, siéger sur le trône n'a jamais été aussi doux.	400.0		discriminator_run2_v4
2626	Rozes. Expect the Unexpected and enjoy.	"[{""source"":""claude"",""original_id"":""25908"",""pun"":""J'ai offert des roses à mon chef. Il m'a dit merci. C'est la première fois qu'il m'a dit quelque chose de fleur… enfin, de flatteur."",""id"":45118},{""source"":""gemini_pro_single"",""original_id"":"""",""pun"":""Attendez-vous à l'inattendu : découvrez le pot aux Rozes !"",""id"":26317},{""source"":""gpt_single"",""original_id"":"""",""pun"":""Rozes : attendez-vous à l’inattendu, la vie n’a jamais été aussi rose(s)."",""id"":26387},{""source"":""gemini"",""original_id"":""37452"",""pun"":""C'est l'histoire d'un jardinier qui n'avait jamais tort : il avait toujours raison... ou des roses."",""id"":28284}]"	models_then_judges	"{""comedian"":0.0,""pun_expert"":100.0,""editor"":0.0,""translator"":0.0}"	"{""claude"":25.0,""gemini_pro"":25.0,""gpt"":25.0}"	"{""26317"":400.0,""45118"":300.0,""26387"":200.0,""28284"":100.0}"	"[{""id"":26317,""source"":""gemini_pro_single"",""original_id"":"""",""score"":400.0,""pun"":""Attendez-vous à l'inattendu : découvrez le pot aux Rozes !""},{""id"":45118,""source"":""claude"",""original_id"":""25908"",""score"":300.0,""pun"":""J'ai offert des roses à mon chef. Il m'a dit merci. C'est la première fois qu'il m'a dit quelque chose de fleur… enfin, de flatteur.""},{""id"":26387,""source"":""gpt_single"",""original_id"":"""",""score"":200.0,""pun"":""Rozes : attendez-vous à l’inattendu, la vie n’a jamais été aussi rose(s).""},{""id"":28284,""source"":""gemini"",""original_id"":""37452"",""score"":100.0,""pun"":""C'est l'histoire d'un jardinier qui n'avait jamais tort : il avait toujours raison... ou des roses.""}]"	26317	gemini_pro_single		Attendez-vous à l'inattendu : découvrez le pot aux Rozes !	400.0		discriminator_run2_v4
2627	Running around your yard for thousands of miles would be quite a feet.	"[{""source"":""gemini_pro_single"",""original_id"":"""",""pun"":""Courir des milliers de kilomètres autour de son jardin, ça demanderait un talon fou !"",""id"":12966},{""source"":""claude"",""original_id"":""11713"",""pun"":""Il a parcouru des milliers de kilomètres sans quitter son jardin — c'est ce qu'on appelle un tour de force… et de chevilles."",""id"":25705},{""source"":""gemini"",""original_id"":""15137"",""pun"":""Le podologue a réussi son examen : c'est une prouesse qui se fête au pied levé."",""id"":83555},{""source"":""gpt_single"",""original_id"":"""",""pun"":""Courir des milliers de kilomètres dans son jardin, c’est un exploit qui se fait les doigts de pied dans le nez."",""id"":50432}]"	models_then_judges	"{""comedian"":0.0,""pun_expert"":100.0,""editor"":0.0,""translator"":0.0}"	"{""claude"":25.0,""gemini_pro"":25.0,""gpt"":25.0}"	"{""25705"":400.0,""12966"":300.0,""50432"":200.0,""83555"":100.0}"	"[{""id"":25705,""source"":""claude"",""original_id"":""11713"",""score"":400.0,""pun"":""Il a parcouru des milliers de kilomètres sans quitter son jardin — c'est ce qu'on appelle un tour de force… et de chevilles.""},{""id"":12966,""source"":""gemini_pro_single"",""original_id"":"""",""score"":300.0,""pun"":""Courir des milliers de kilomètres autour de son jardin, ça demanderait un talon fou !""},{""id"":50432,""source"":""gpt_single"",""original_id"":"""",""score"":200.0,""pun"":""Courir des milliers de kilomètres dans son jardin, c’est un exploit qui se fait les doigts de pied dans le nez.""},{""id"":83555,""source"":""gemini"",""original_id"":""15137"",""score"":100.0,""pun"":""Le podologue a réussi son examen : c'est une prouesse qui se fête au pied levé.""}]"	25705	claude	11713	Il a parcouru des milliers de kilomètres sans quitter son jardin — c'est ce qu'on appelle un tour de force… et de chevilles.	400.0		discriminator_run2_v4
2628	Russia was slow to recover after WW2 because it kept Stalin around.	"[{""source"":""gemini_pro_single"",""original_id"":"""",""pun"":""La Russie s'est modernisée très lentement parce qu'elle s'y est mise sur le tsar."",""id"":10459},{""source"":""gemini"",""original_id"":""87410"",""pun"":""Un dictateur qui hésite, c'est un homme qui Staline."",""id"":88628},{""source"":""claude"",""original_id"":""52500"",""pun"":""Mon ordinateur tourne sous Soviet OS. Le problème c'est que dès qu'il rencontre un obstacle, il fait une pause… stalinienne."",""id"":97258},{""source"":""gpt_single"",""original_id"":"""",""pun"":""Après 45, sous Staline, l’URSS ne se relevait pas : c’était moins une nation qu’une stag-nation."",""id"":46229}]"	models_then_judges	"{""comedian"":0.0,""pun_expert"":100.0,""editor"":0.0,""translator"":0.0}"	"{""claude"":25.0,""gemini_pro"":25.0,""gpt"":25.0}"	"{""10459"":400.0,""46229"":300.0,""97258"":200.0,""88628"":100.0}"	"[{""id"":10459,""source"":""gemini_pro_single"",""original_id"":"""",""score"":400.0,""pun"":""La Russie s'est modernisée très lentement parce qu'elle s'y est mise sur le tsar.""},{""id"":46229,""source"":""gpt_single"",""original_id"":"""",""score"":300.0,""pun"":""Après 45, sous Staline, l’URSS ne se relevait pas : c’était moins une nation qu’une stag-nation.""},{""id"":97258,""source"":""claude"",""original_id"":""52500"",""score"":200.0,""pun"":""Mon ordinateur tourne sous Soviet OS. Le problème c'est que dès qu'il rencontre un obstacle, il fait une pause… stalinienne.""},{""id"":88628,""source"":""gemini"",""original_id"":""87410"",""score"":100.0,""pun"":""Un dictateur qui hésite, c'est un homme qui Staline.""}]"	10459	gemini_pro_single		La Russie s'est modernisée très lentement parce qu'elle s'y est mise sur le tsar.	400.0		discriminator_run2_v4
2629	Ryder. Keeping things moving.	"[{""source"":""claude"",""original_id"":""74506"",""pun"":""Avec Ryder, vos meubles voyagent mieux que vous. Et se plaignent moins."",""id"":98780},{""source"":""gpt_single"",""original_id"":"""",""pun"":""Ryder : ça roule pour les riders."",""id"":94865},{""source"":""gemini_pro_single"",""original_id"":"""",""pun"":""Pour une logistique souple et sans raideur, roulez avec Ryder !"",""id"":44054},{""source"":""gemini"",""original_id"":""79919"",""pun"":""Fret pas ça chez vous, laissez faire les pros."",""id"":68320}]"	models_then_judges	"{""comedian"":0.0,""pun_expert"":100.0,""editor"":0.0,""translator"":0.0}"	"{""claude"":25.0,""gemini_pro"":25.0,""gpt"":25.0}"	"{""94865"":400.0,""68320"":300.0,""44054"":200.0,""98780"":100.0}"	"[{""id"":94865,""source"":""gpt_single"",""original_id"":"""",""score"":400.0,""pun"":""Ryder : ça roule pour les riders.""},{""id"":68320,""source"":""gemini"",""original_id"":""79919"",""score"":300.0,""pun"":""Fret pas ça chez vous, laissez faire les pros.""},{""id"":44054,""source"":""gemini_pro_single"",""original_id"":"""",""score"":200.0,""pun"":""Pour une logistique souple et sans raideur, roulez avec Ryder !""},{""id"":98780,""source"":""claude"",""original_id"":""74506"",""score"":100.0,""pun"":""Avec Ryder, vos meubles voyagent mieux que vous. Et se plaignent moins.""}]"	94865	gpt_single		Ryder : ça roule pour les riders.	400.0		discriminator_run2_v4
2630	So let's let bybones be bybones.	"[{""source"":""gemini_pro_single"",""original_id"":"""",""pun"":""Allez, sans rancune, enterrons l'os de guerre !"",""id"":28624},{""source"":""gpt_single"",""original_id"":"""",""pun"":""Allez, que les vieux os restent au passé décomposé."",""id"":59923},{""source"":""gemini"",""original_id"":""78346"",""pun"":""Ce qui est fait est fémur."",""id"":46574},{""source"":""claude"",""original_id"":""31221"",""pun"":""Laissons les os du passé reposer en paix."",""id"":84787}]"	models_then_judges	"{""comedian"":0.0,""pun_expert"":100.0,""editor"":0.0,""translator"":0.0}"	"{""claude"":25.0,""gemini_pro"":25.0,""gpt"":25.0}"	"{""59923"":400.0,""28624"":300.0,""46574"":200.0,""84787"":100.0}"	"[{""id"":59923,""source"":""gpt_single"",""original_id"":"""",""score"":400.0,""pun"":""Allez, que les vieux os restent au passé décomposé.""},{""id"":28624,""source"":""gemini_pro_single"",""original_id"":"""",""score"":300.0,""pun"":""Allez, sans rancune, enterrons l'os de guerre !""},{""id"":46574,""source"":""gemini"",""original_id"":""78346"",""score"":200.0,""pun"":""Ce qui est fait est fémur.""},{""id"":84787,""source"":""claude"",""original_id"":""31221"",""score"":100.0,""pun"":""Laissons les os du passé reposer en paix.""}]"	59923	gpt_single		Allez, que les vieux os restent au passé décomposé.	400.0		discriminator_run2_v4
2631	Safety goggles were invented by a peripheral visionary.	"[{""source"":""claude"",""original_id"":""37637"",""pun"":""L'inventeur des lunettes de protection était clairvoyant — mais surtout sur les côtés."",""id"":26272},{""source"":""gemini"",""original_id"":""22283"",""pun"":""Pourquoi l'inventeur des lunettes est-il riche ? Parce qu'il a le sens des affaires... de vue."",""id"":85319},{""source"":""gpt_single"",""original_id"":"""",""pun"":""Les lunettes de protection ont été inventées par un visionnaire périphérique : il voyait déjà l’avenir du coin de l’œil."",""id"":55370},{""source"":""gemini_pro_single"",""original_id"":"""",""pun"":""L'inventeur des lunettes de protection était un visionnaire périphérique."",""id"":82751}]"	models_then_judges	"{""comedian"":0.0,""pun_expert"":100.0,""editor"":0.0,""translator"":0.0}"	"{""claude"":25.0,""gemini_pro"":25.0,""gpt"":25.0}"	"{""55370"":400.0,""26272"":300.0,""82751"":200.0,""85319"":100.0}"	"[{""id"":55370,""source"":""gpt_single"",""original_id"":"""",""score"":400.0,""pun"":""Les lunettes de protection ont été inventées par un visionnaire périphérique : il voyait déjà l’avenir du coin de l’œil.""},{""id"":26272,""source"":""claude"",""original_id"":""37637"",""score"":300.0,""pun"":""L'inventeur des lunettes de protection était clairvoyant — mais surtout sur les côtés.""},{""id"":82751,""source"":""gemini_pro_single"",""original_id"":"""",""score"":200.0,""pun"":""L'inventeur des lunettes de protection était un visionnaire périphérique.""},{""id"":85319,""source"":""gemini"",""original_id"":""22283"",""score"":100.0,""pun"":""Pourquoi l'inventeur des lunettes est-il riche ? Parce qu'il a le sens des affaires... de vue.""}]"	55370	gpt_single		Les lunettes de protection ont été inventées par un visionnaire périphérique : il voyait déjà l’avenir du coin de l’œil.	400.0		discriminator_run2_v4
2632	Sailing is like oil drilling because they're both crewed businesses.	"[{""source"":""gemini_pro_single"",""original_id"":"""",""pun"":""La navigation en mer et le forage pétrolier se ressemblent : dans les deux cas, c'est un monde de brutes."",""id"":35524},{""source"":""gemini"",""original_id"":""26287"",""pun"":""Pourquoi les pétroliers sont-ils impolis ? Parce qu'ils sont toujours dans le brut."",""id"":59579},{""source"":""gpt_single"",""original_id"":"""",""pun"":""La voile et le forage, c’est pareil : dans les deux cas, tout dépend du cru."",""id"":32877},{""source"":""claude"",""original_id"":""38542"",""pun"":""Le marin pétrolier ne raffine pas ses plaisanteries. Normal, il travaille dans le brut."",""id"":62231}]"	models_then_judges	"{""comedian"":0.0,""pun_expert"":100.0,""editor"":0.0,""translator"":0.0}"	"{""claude"":25.0,""gemini_pro"":25.0,""gpt"":25.0}"	"{""62231"":400.0,""35524"":300.0,""59579"":200.0,""32877"":100.0}"	"[{""id"":62231,""source"":""claude"",""original_id"":""38542"",""score"":400.0,""pun"":""Le marin pétrolier ne raffine pas ses plaisanteries. Normal, il travaille dans le brut.""},{""id"":35524,""source"":""gemini_pro_single"",""original_id"":"""",""score"":300.0,""pun"":""La navigation en mer et le forage pétrolier se ressemblent : dans les deux cas, c'est un monde de brutes.""},{""id"":59579,""source"":""gemini"",""original_id"":""26287"",""score"":200.0,""pun"":""Pourquoi les pétroliers sont-ils impolis ? Parce qu'ils sont toujours dans le brut.""},{""id"":32877,""source"":""gpt_single"",""original_id"":"""",""score"":100.0,""pun"":""La voile et le forage, c’est pareil : dans les deux cas, tout dépend du cru.""}]"	62231	claude	38542	Le marin pétrolier ne raffine pas ses plaisanteries. Normal, il travaille dans le brut.	400.0		discriminator_run2_v4
2633	Sailors like to seas opportunities.	"[{""source"":""claude"",""original_id"":""97391"",""pun"":""J'en ai marré de ces marées — elles ne savent pas saisir le moment!"",""id"":77339},{""source"":""gpt_single"",""original_id"":"""",""pun"":""Un bon marin sait toujours prendre la mer… et les occasions qui passent."",""id"":22131},{""source"":""gemini"",""original_id"":""69775"",""pun"":""Pourquoi les marins sont-ils de bons partenaires ? Parce qu'ils savent mener leur barque."",""id"":66144},{""source"":""gemini_pro_single"",""original_id"":"""",""pun"":""Les marins ne ratent jamais une eau-ccasion."",""id"":66768}]"	models_then_judges	"{""comedian"":0.0,""pun_expert"":100.0,""editor"":0.0,""translator"":0.0}"	"{""claude"":25.0,""gemini_pro"":25.0,""gpt"":25.0}"	"{""66768"":400.0,""77339"":300.0,""66144"":200.0,""22131"":100.0}"	"[{""id"":66768,""source"":""gemini_pro_single"",""original_id"":"""",""score"":400.0,""pun"":""Les marins ne ratent jamais une eau-ccasion.""},{""id"":77339,""source"":""claude"",""original_id"":""97391"",""score"":300.0,""pun"":""J'en ai marré de ces marées — elles ne savent pas saisir le moment!""},{""id"":66144,""source"":""gemini"",""original_id"":""69775"",""score"":200.0,""pun"":""Pourquoi les marins sont-ils de bons partenaires ? Parce qu'ils savent mener leur barque.""},{""id"":22131,""source"":""gpt_single"",""original_id"":"""",""score"":100.0,""pun"":""Un bon marin sait toujours prendre la mer… et les occasions qui passent.""}]"	66768	gemini_pro_single		Les marins ne ratent jamais une eau-ccasion.	400.0		discriminator_run2_v4
2634	Salespeople selling security equipment like to see people get alarmed.	"[{""source"":""gpt_single"",""original_id"":"""",""pun"":""Les vendeurs d’alarmes adorent les clients alarmés : chez eux, la décision d’achat est déjà déclenchée."",""id"":78022},{""source"":""gemini_pro_single"",""original_id"":"""",""pun"":""Un bon installateur de sécurité laisse toujours ses clients alarmés."",""id"":35715},{""source"":""gemini"",""original_id"":""54133"",""pun"":""Pourquoi les voleurs détestent-ils les alarmes ? Parce que ça sonne toujours faux au milieu de leur projet."",""id"":98169},{""source"":""claude"",""original_id"":""19375"",""pun"":""Notre capteur de mouvement est si sensible qu'il a détecté mon beau-frère qui dormait sur le canapé — mais lui, c'est plutôt un cafteur de mouvement."",""id"":67364}]"	models_then_judges	"{""comedian"":0.0,""pun_expert"":100.0,""editor"":0.0,""translator"":0.0}"	"{""claude"":25.0,""gemini_pro"":25.0,""gpt"":25.0}"	"{""78022"":400.0,""35715"":300.0,""67364"":200.0,""98169"":100.0}"	"[{""id"":78022,""source"":""gpt_single"",""original_id"":"""",""score"":400.0,""pun"":""Les vendeurs d’alarmes adorent les clients alarmés : chez eux, la décision d’achat est déjà déclenchée.""},{""id"":35715,""source"":""gemini_pro_single"",""original_id"":"""",""score"":300.0,""pun"":""Un bon installateur de sécurité laisse toujours ses clients alarmés.""},{""id"":67364,""source"":""claude"",""original_id"":""19375"",""score"":200.0,""pun"":""Notre capteur de mouvement est si sensible qu'il a détecté mon beau-frère qui dormait sur le canapé — mais lui, c'est plutôt un cafteur de mouvement.""},{""id"":98169,""source"":""gemini"",""original_id"":""54133"",""score"":100.0,""pun"":""Pourquoi les voleurs détestent-ils les alarmes ? Parce que ça sonne toujours faux au milieu de leur projet.""}]"	78022	gpt_single		Les vendeurs d’alarmes adorent les clients alarmés : chez eux, la décision d’achat est déjà déclenchée.	400.0		discriminator_run2_v4
2635	Santa goes down the chimney because it soots him.	"[{""source"":""gemini_pro_single"",""original_id"":"""",""pun"":""Le Père Noël passe par la cheminée parce que c'est un bon tuyau."",""id"":61592},{""source"":""gemini"",""original_id"":""28872"",""pun"":""Un ramoneur qui travaille bien, c'est un homme de suie."",""id"":29644},{""source"":""gpt_single"",""original_id"":"""",""pun"":""Si le Père Noël descend par la cheminée, c’est que la suie lui sied."",""id"":78843},{""source"":""claude"",""original_id"":""37907"",""pun"":""Pourquoi le Père Noël passe-t-il par la cheminée ? Parce que la suie lui sied !"",""id"":84240}]"	models_then_judges	"{""comedian"":0.0,""pun_expert"":100.0,""editor"":0.0,""translator"":0.0}"	"{""claude"":25.0,""gemini_pro"":25.0,""gpt"":25.0}"	"{""84240"":400.0,""78843"":300.0,""61592"":200.0,""29644"":100.0}"	"[{""id"":84240,""source"":""claude"",""original_id"":""37907"",""score"":400.0,""pun"":""Pourquoi le Père Noël passe-t-il par la cheminée ? Parce que la suie lui sied !""},{""id"":78843,""source"":""gpt_single"",""original_id"":"""",""score"":300.0,""pun"":""Si le Père Noël descend par la cheminée, c’est que la suie lui sied.""},{""id"":61592,""source"":""gemini_pro_single"",""original_id"":"""",""score"":200.0,""pun"":""Le Père Noël passe par la cheminée parce que c'est un bon tuyau.""},{""id"":29644,""source"":""gemini"",""original_id"":""28872"",""score"":100.0,""pun"":""Un ramoneur qui travaille bien, c'est un homme de suie.""}]"	84240	claude	37907	Pourquoi le Père Noël passe-t-il par la cheminée ? Parce que la suie lui sied !	400.0		discriminator_run2_v4
2636	Satan can't bring you down any farther than your knees.	"[{""source"":""gpt_single"",""original_id"":"""",""pun"":""Le diable croit te mettre à genoux ; il te met juste en position de prière."",""id"":92425},{""source"":""gemini_pro_single"",""original_id"":"""",""pun"":""Satan ne peut vous rabaisser plus bas que vos genoux."",""id"":26525},{""source"":""claude"",""original_id"":""95490"",""pun"":""Le diable t'a mis à genoux ? Mauvaise stratégie de sa part : c'est exactement la position pour parler à son patron."",""id"":97759},{""source"":""gemini"",""original_id"":""91800"",""pun"":""Satan m'a proposé un massage, mais j'ai refusé : je savais qu'il y avait une rotule sous roche."",""id"":24053}]"	models_then_judges	"{""comedian"":0.0,""pun_expert"":100.0,""editor"":0.0,""translator"":0.0}"	"{""claude"":25.0,""gemini_pro"":25.0,""gpt"":25.0}"	"{""24053"":400.0,""97759"":300.0,""92425"":200.0,""26525"":100.0}"	"[{""id"":24053,""source"":""gemini"",""original_id"":""91800"",""score"":400.0,""pun"":""Satan m'a proposé un massage, mais j'ai refusé : je savais qu'il y avait une rotule sous roche.""},{""id"":97759,""source"":""claude"",""original_id"":""95490"",""score"":300.0,""pun"":""Le diable t'a mis à genoux ? Mauvaise stratégie de sa part : c'est exactement la position pour parler à son patron.""},{""id"":92425,""source"":""gpt_single"",""original_id"":"""",""score"":200.0,""pun"":""Le diable croit te mettre à genoux ; il te met juste en position de prière.""},{""id"":26525,""source"":""gemini_pro_single"",""original_id"":"""",""score"":100.0,""pun"":""Satan ne peut vous rabaisser plus bas que vos genoux.""}]"	24053	gemini	91800	Satan m'a proposé un massage, mais j'ai refusé : je savais qu'il y avait une rotule sous roche.	400.0		discriminator_run2_v4
2637	Save the whales, he spouted.	"[{""source"":""gpt_single"",""original_id"":"""",""pun"":""« Sauvez les baleines ! » a jailli de son évent."",""id"":89710},{""source"":""gemini"",""original_id"":""97163"",""pun"":""Il n'y a plus de baleines ? C'est assez !"",""id"":33167},{""source"":""claude"",""original_id"":""42430"",""pun"":""Il a pris la parole pour les baleines — et franchement, il en a fait un évent médiatique."",""id"":85972},{""source"":""gemini_pro_single"",""original_id"":"""",""pun"":""« Il faut sauver les baleines, c'est assez ! » souffla-t-il."",""id"":46253}]"	models_then_judges	"{""comedian"":0.0,""pun_expert"":100.0,""editor"":0.0,""translator"":0.0}"	"{""claude"":25.0,""gemini_pro"":25.0,""gpt"":25.0}"	"{""46253"":400.0,""85972"":300.0,""89710"":200.0,""33167"":100.0}"	"[{""id"":46253,""source"":""gemini_pro_single"",""original_id"":"""",""score"":400.0,""pun"":""« Il faut sauver les baleines, c'est assez ! » souffla-t-il.""},{""id"":85972,""source"":""claude"",""original_id"":""42430"",""score"":300.0,""pun"":""Il a pris la parole pour les baleines — et franchement, il en a fait un évent médiatique.""},{""id"":89710,""source"":""gpt_single"",""original_id"":"""",""score"":200.0,""pun"":""« Sauvez les baleines ! » a jailli de son évent.""},{""id"":33167,""source"":""gemini"",""original_id"":""97163"",""score"":100.0,""pun"":""Il n'y a plus de baleines ? C'est assez !""}]"	46253	gemini_pro_single		« Il faut sauver les baleines, c'est assez ! » souffla-t-il.	400.0		discriminator_run2_v4
2638	Saw makers losing money have to make lots of cuts.	"[{""source"":""gpt_single"",""original_id"":"""",""pun"":""Quand les fabricants de scies sont dans le rouge, ils multiplient les coupes."",""id"":35916},{""source"":""claude"",""original_id"":""89168"",""pun"":""La scierie en crise a annoncé des coupes — les clients ont cru à une promotion, les employés ont compris autre chose."",""id"":80336},{""source"":""gemini_pro_single"",""original_id"":"""",""pun"":""Quand une scierie est en déficit, elle est obligée de faire des coupes."",""id"":78683},{""source"":""gemini"",""original_id"":""26399"",""pun"":""Les comptables des scieries sont formels : il faut couper dans le vif."",""id"":70269}]"	models_then_judges	"{""comedian"":0.0,""pun_expert"":100.0,""editor"":0.0,""translator"":0.0}"	"{""claude"":25.0,""gemini_pro"":25.0,""gpt"":25.0}"	"{""35916"":400.0,""80336"":300.0,""70269"":200.0,""78683"":100.0}"	"[{""id"":35916,""source"":""gpt_single"",""original_id"":"""",""score"":400.0,""pun"":""Quand les fabricants de scies sont dans le rouge, ils multiplient les coupes.""},{""id"":80336,""source"":""claude"",""original_id"":""89168"",""score"":300.0,""pun"":""La scierie en crise a annoncé des coupes — les clients ont cru à une promotion, les employés ont compris autre chose.""},{""id"":70269,""source"":""gemini"",""original_id"":""26399"",""score"":200.0,""pun"":""Les comptables des scieries sont formels : il faut couper dans le vif.""},{""id"":78683,""source"":""gemini_pro_single"",""original_id"":"""",""score"":100.0,""pun"":""Quand une scierie est en déficit, elle est obligée de faire des coupes.""}]"	35916	gpt_single		Quand les fabricants de scies sont dans le rouge, ils multiplient les coupes.	400.0		discriminator_run2_v4
2639	Scarecrows are always garden their patch.	"[{""source"":""gemini_pro_single"",""original_id"":"""",""pun"":""L'épouvantail monte la garde : il est toujours prêt à potager ses légumes."",""id"":12383},{""source"":""gemini"",""original_id"":""22603"",""pun"":""Pourquoi l'épouvantail a-t-il été promu ? Parce qu'il était excellent dans son champ d'expertise."",""id"":58136},{""source"":""gpt_single"",""original_id"":"""",""pun"":""L’épouvantail, c’est le gardien du jardin : il défend son carré à une lettre près."",""id"":60538},{""source"":""claude"",""original_id"":""71009"",""pun"":""Pourquoi l'épouvantail a-t-il eu une promotion ? Parce qu'il était toujours à son poteau — pardon, à son poste !"",""id"":57521}]"	models_then_judges	"{""comedian"":0.0,""pun_expert"":100.0,""editor"":0.0,""translator"":0.0}"	"{""claude"":25.0,""gemini_pro"":25.0,""gpt"":25.0}"	"{""12383"":400.0,""58136"":300.0,""57521"":200.0,""60538"":100.0}"	"[{""id"":12383,""source"":""gemini_pro_single"",""original_id"":"""",""score"":400.0,""pun"":""L'épouvantail monte la garde : il est toujours prêt à potager ses légumes.""},{""id"":58136,""source"":""gemini"",""original_id"":""22603"",""score"":300.0,""pun"":""Pourquoi l'épouvantail a-t-il été promu ? Parce qu'il était excellent dans son champ d'expertise.""},{""id"":57521,""source"":""claude"",""original_id"":""71009"",""score"":200.0,""pun"":""Pourquoi l'épouvantail a-t-il eu une promotion ? Parce qu'il était toujours à son poteau — pardon, à son poste !""},{""id"":60538,""source"":""gpt_single"",""original_id"":"""",""score"":100.0,""pun"":""L’épouvantail, c’est le gardien du jardin : il défend son carré à une lettre près.""}]"	12383	gemini_pro_single		L'épouvantail monte la garde : il est toujours prêt à potager ses légumes.	400.0		discriminator_run2_v4
2640	Scientists allow us to see the sun in a different light.	"[{""source"":""claude"",""original_id"":""84214"",""pun"":""Les scientifiques nous permettent de voir le soleil sous un jour nouveau."",""id"":19093},{""source"":""gemini_pro_single"",""original_id"":"""",""pun"":""Les scientifiques nous font voir le soleil sous un nouveau jour."",""id"":72980},{""source"":""gpt_single"",""original_id"":"""",""pun"":""Les scientifiques mettent le Soleil en lumière : on le voit enfin sous un autre jour."",""id"":69138},{""source"":""gemini"",""original_id"":""55272"",""pun"":""Les astronomes sont formidables, ils nous font voir le soleil sous un nouveau jour."",""id"":26388}]"	models_then_judges	"{""comedian"":0.0,""pun_expert"":100.0,""editor"":0.0,""translator"":0.0}"	"{""claude"":25.0,""gemini_pro"":25.0,""gpt"":25.0}"	"{""69138"":400.0,""72980"":300.0,""19093"":200.0,""26388"":100.0}"	"[{""id"":69138,""source"":""gpt_single"",""original_id"":"""",""score"":400.0,""pun"":""Les scientifiques mettent le Soleil en lumière : on le voit enfin sous un autre jour.""},{""id"":72980,""source"":""gemini_pro_single"",""original_id"":"""",""score"":300.0,""pun"":""Les scientifiques nous font voir le soleil sous un nouveau jour.""},{""id"":19093,""source"":""claude"",""original_id"":""84214"",""score"":200.0,""pun"":""Les scientifiques nous permettent de voir le soleil sous un jour nouveau.""},{""id"":26388,""source"":""gemini"",""original_id"":""55272"",""score"":100.0,""pun"":""Les astronomes sont formidables, ils nous font voir le soleil sous un nouveau jour.""}]"	69138	gpt_single		Les scientifiques mettent le Soleil en lumière : on le voit enfin sous un autre jour.	400.0		discriminator_run2_v4
2641	Scientists have created a flea from scratch.	"[{""source"":""gemini_pro_single"",""original_id"":"""",""pun"":""Ça faisait longtemps que ça les démangeait de créer une puce de toutes pièces."",""id"":47373},{""source"":""gpt_single"",""original_id"":"""",""pun"":""Les chercheurs ont créé une puce à partir de rien : depuis, tout le labo se gratte la tête."",""id"":61779},{""source"":""gemini"",""original_id"":""60207"",""pun"":""Un scientifique a créé une puce en partant d'une égratignure, on peut dire qu'il a le sens du détail à fleur de peau."",""id"":46747},{""source"":""claude"",""original_id"":""55069"",""pun"":""Des biologistes ont fabriqué une puce ex nihilo. C'est beau, la science : on part du néant et on finit avec quelque chose qui vous gratte."",""id"":96154}]"	models_then_judges	"{""comedian"":0.0,""pun_expert"":100.0,""editor"":0.0,""translator"":0.0}"	"{""claude"":25.0,""gemini_pro"":25.0,""gpt"":25.0}"	"{""47373"":400.0,""61779"":300.0,""96154"":200.0,""46747"":100.0}"	"[{""id"":47373,""source"":""gemini_pro_single"",""original_id"":"""",""score"":400.0,""pun"":""Ça faisait longtemps que ça les démangeait de créer une puce de toutes pièces.""},{""id"":61779,""source"":""gpt_single"",""original_id"":"""",""score"":300.0,""pun"":""Les chercheurs ont créé une puce à partir de rien : depuis, tout le labo se gratte la tête.""},{""id"":96154,""source"":""claude"",""original_id"":""55069"",""score"":200.0,""pun"":""Des biologistes ont fabriqué une puce ex nihilo. C'est beau, la science : on part du néant et on finit avec quelque chose qui vous gratte.""},{""id"":46747,""source"":""gemini"",""original_id"":""60207"",""score"":100.0,""pun"":""Un scientifique a créé une puce en partant d'une égratignure, on peut dire qu'il a le sens du détail à fleur de peau.""}]"	47373	gemini_pro_single		Ça faisait longtemps que ça les démangeait de créer une puce de toutes pièces.	400.0		discriminator_run2_v4
2642	Scientists studying the sun have a flare for research.	"[{""source"":""gpt_single"",""original_id"":"""",""pun"":""En étudiant le Soleil, ces chercheurs ne manquent jamais d’éclat."",""id"":13999},{""source"":""gemini"",""original_id"":""59573"",""pun"":""Pour un chercheur sur le soleil, avoir du génie, c'est d'abord avoir du rayonnement."",""id"":94903},{""source"":""claude"",""original_id"":""25605"",""pun"":""Les astronomes ont du flair pour les éruptions solaires."",""id"":77020},{""source"":""gemini_pro_single"",""original_id"":"""",""pun"":""Les scientifiques qui étudient le soleil vous diront que c'est tout à fait leur rayon."",""id"":12166}]"	models_then_judges	"{""comedian"":0.0,""pun_expert"":100.0,""editor"":0.0,""translator"":0.0}"	"{""claude"":25.0,""gemini_pro"":25.0,""gpt"":25.0}"	"{""12166"":400.0,""13999"":300.0,""94903"":200.0,""77020"":100.0}"	"[{""id"":12166,""source"":""gemini_pro_single"",""original_id"":"""",""score"":400.0,""pun"":""Les scientifiques qui étudient le soleil vous diront que c'est tout à fait leur rayon.""},{""id"":13999,""source"":""gpt_single"",""original_id"":"""",""score"":300.0,""pun"":""En étudiant le Soleil, ces chercheurs ne manquent jamais d’éclat.""},{""id"":94903,""source"":""gemini"",""original_id"":""59573"",""score"":200.0,""pun"":""Pour un chercheur sur le soleil, avoir du génie, c'est d'abord avoir du rayonnement.""},{""id"":77020,""source"":""claude"",""original_id"":""25605"",""score"":100.0,""pun"":""Les astronomes ont du flair pour les éruptions solaires.""}]"	12166	gemini_pro_single		Les scientifiques qui étudient le soleil vous diront que c'est tout à fait leur rayon.	400.0		discriminator_run2_v4
2643	Scientists who study the sun are so bright.	"[{""source"":""gemini"",""original_id"":""52977"",""pun"":""Le chercheur en énergie solaire a un avenir radieux."",""id"":20640},{""source"":""gpt_single"",""original_id"":"""",""pun"":""Les spécialistes du Soleil sont forcément brillants : c’est leur rayon."",""id"":65939},{""source"":""claude"",""original_id"":""42443"",""pun"":""Les chercheurs qui étudient le soleil sont vraiment rayonnants — dans tous les sens du terme."",""id"":82568},{""source"":""gemini_pro_single"",""original_id"":"""",""pun"":""Les chercheurs qui étudient le Soleil sont vraiment brillants."",""id"":10672}]"	models_then_judges	"{""comedian"":0.0,""pun_expert"":100.0,""editor"":0.0,""translator"":0.0}"	"{""claude"":25.0,""gemini_pro"":25.0,""gpt"":25.0}"	"{""65939"":400.0,""20640"":300.0,""10672"":200.0,""82568"":100.0}"	"[{""id"":65939,""source"":""gpt_single"",""original_id"":"""",""score"":400.0,""pun"":""Les spécialistes du Soleil sont forcément brillants : c’est leur rayon.""},{""id"":20640,""source"":""gemini"",""original_id"":""52977"",""score"":300.0,""pun"":""Le chercheur en énergie solaire a un avenir radieux.""},{""id"":10672,""source"":""gemini_pro_single"",""original_id"":"""",""score"":200.0,""pun"":""Les chercheurs qui étudient le Soleil sont vraiment brillants.""},{""id"":82568,""source"":""claude"",""original_id"":""42443"",""score"":100.0,""pun"":""Les chercheurs qui étudient le soleil sont vraiment rayonnants — dans tous les sens du terme.""}]"	65939	gpt_single		Les spécialistes du Soleil sont forcément brillants : c’est leur rayon.	400.0		discriminator_run2_v4
2644	"Scrambling for cover amid the chaos caused by the rebel forces' attack and the ""coincidental"" breakout of the zoo animals, I stumbled into the face of a hostile guerrilla!"	"[{""source"":""gemini"",""original_id"":""25567"",""pun"":""Les singes ont pris les armes : c'est l'évolution de l'espèce de guérilla."",""id"":56708},{""source"":""gemini_pro_single"",""original_id"":"""",""pun"":""Fuyant le chaos de l'attaque rebelle et l'évasion du zoo, je suis tombé nez à nez avec un redoutable macaquisard !"",""id"":21994},{""source"":""gpt_single"",""original_id"":"""",""pun"":""Entre la guérilla et le gorille évadé du zoo, je ne savais plus s’il fallait lever les mains ou les bananes."",""id"":11233},{""source"":""claude"",""original_id"":""62638"",""pun"":""Le général a déclaré : 'Nous menons une guerre de gorilles.' Son aide de camp a levé les yeux au ciel : 'Encore une réunion au zoo…'"",""id"":81274}]"	models_then_judges	"{""comedian"":0.0,""pun_expert"":100.0,""editor"":0.0,""translator"":0.0}"	"{""claude"":25.0,""gemini_pro"":25.0,""gpt"":25.0}"	"{""21994"":400.0,""81274"":300.0,""56708"":200.0,""11233"":100.0}"	"[{""id"":21994,""source"":""gemini_pro_single"",""original_id"":"""",""score"":400.0,""pun"":""Fuyant le chaos de l'attaque rebelle et l'évasion du zoo, je suis tombé nez à nez avec un redoutable macaquisard !""},{""id"":81274,""source"":""claude"",""original_id"":""62638"",""score"":300.0,""pun"":""Le général a déclaré : 'Nous menons une guerre de gorilles.' Son aide de camp a levé les yeux au ciel : 'Encore une réunion au zoo…'""},{""id"":56708,""source"":""gemini"",""original_id"":""25567"",""score"":200.0,""pun"":""Les singes ont pris les armes : c'est l'évolution de l'espèce de guérilla.""},{""id"":11233,""source"":""gpt_single"",""original_id"":"""",""score"":100.0,""pun"":""Entre la guérilla et le gorille évadé du zoo, je ne savais plus s’il fallait lever les mains ou les bananes.""}]"	21994	gemini_pro_single		Fuyant le chaos de l'attaque rebelle et l'évasion du zoo, je suis tombé nez à nez avec un redoutable macaquisard !	400.0		discriminator_run2_v4
2645	Sea captains have a lot of latitude.	"[{""source"":""gemini_pro_single"",""original_id"":"""",""pun"":""En mer, un capitaine a toujours beaucoup de latitude."",""id"":76261},{""source"":""gpt_single"",""original_id"":"""",""pun"":""Les capitaines ont de la latitude : des degrés sur la carte, de la marge à la barre."",""id"":49402},{""source"":""claude"",""original_id"":""42334"",""pun"":""Les capitaines de la marine ont toute latitude. C'est bien la seule chose qu'ils savent situer précisément."",""id"":43074},{""source"":""gemini"",""original_id"":""68248"",""pun"":""Pourquoi les plongeurs coulent-ils toujours ? Parce qu'ils ont beaucoup de pression au travail."",""id"":82116}]"	models_then_judges	"{""comedian"":0.0,""pun_expert"":100.0,""editor"":0.0,""translator"":0.0}"	"{""claude"":25.0,""gemini_pro"":25.0,""gpt"":25.0}"	"{""43074"":400.0,""49402"":300.0,""76261"":200.0,""82116"":100.0}"	"[{""id"":43074,""source"":""claude"",""original_id"":""42334"",""score"":400.0,""pun"":""Les capitaines de la marine ont toute latitude. C'est bien la seule chose qu'ils savent situer précisément.""},{""id"":49402,""source"":""gpt_single"",""original_id"":"""",""score"":300.0,""pun"":""Les capitaines ont de la latitude : des degrés sur la carte, de la marge à la barre.""},{""id"":76261,""source"":""gemini_pro_single"",""original_id"":"""",""score"":200.0,""pun"":""En mer, un capitaine a toujours beaucoup de latitude.""},{""id"":82116,""source"":""gemini"",""original_id"":""68248"",""score"":100.0,""pun"":""Pourquoi les plongeurs coulent-ils toujours ? Parce qu'ils ont beaucoup de pression au travail.""}]"	43074	claude	42334	Les capitaines de la marine ont toute latitude. C'est bien la seule chose qu'ils savent situer précisément.	400.0		discriminator_run2_v4
2646	Seafood operations start out on a small scale.	"[{""source"":""claude"",""original_id"":""72095"",""pun"":""Tu veux te lancer dans les fruits de mer ? Commence à petite écaille, sinon tu risques de te noyer dans la sole."",""id"":63184},{""source"":""gpt_single"",""original_id"":"""",""pun"":""Mon commerce de poissons a commencé à petite échelle : une seule sardine, mais déjà plein d’écailles."",""id"":60128},{""source"":""gemini"",""original_id"":""16953"",""pun"":""Le projet de la sirène a échoué car elle n'était pas à la bonne échelle."",""id"":16389},{""source"":""gemini_pro_single"",""original_id"":"""",""pun"":""Une poissonnerie commence toujours à petite écaille."",""id"":79268}]"	models_then_judges	"{""comedian"":0.0,""pun_expert"":100.0,""editor"":0.0,""translator"":0.0}"	"{""claude"":25.0,""gemini_pro"":25.0,""gpt"":25.0}"	"{""79268"":400.0,""63184"":300.0,""16389"":200.0,""60128"":100.0}"	"[{""id"":79268,""source"":""gemini_pro_single"",""original_id"":"""",""score"":400.0,""pun"":""Une poissonnerie commence toujours à petite écaille.""},{""id"":63184,""source"":""claude"",""original_id"":""72095"",""score"":300.0,""pun"":""Tu veux te lancer dans les fruits de mer ? Commence à petite écaille, sinon tu risques de te noyer dans la sole.""},{""id"":16389,""source"":""gemini"",""original_id"":""16953"",""score"":200.0,""pun"":""Le projet de la sirène a échoué car elle n'était pas à la bonne échelle.""},{""id"":60128,""source"":""gpt_single"",""original_id"":"""",""score"":100.0,""pun"":""Mon commerce de poissons a commencé à petite échelle : une seule sardine, mais déjà plein d’écailles.""}]"	79268	gemini_pro_single		Une poissonnerie commence toujours à petite écaille.	400.0		discriminator_run2_v4
2647	Second-hand clothes won't wear out	"[{""source"":""gpt_single"",""original_id"":"""",""pun"":""Les vêtements de seconde main ne sont jamais usés : ils ont juste des us et coutures."",""id"":83519},{""source"":""claude"",""original_id"":""59831"",""pun"":""Avec les vêtements d'occasion, on ne risque pas l'usure — le précédent propriétaire s'en est déjà chargé !"",""id"":48492},{""source"":""gemini_pro_single"",""original_id"":"""",""pun"":""Les vêtements de seconde main ont un avantage certain : ils refusent de filer un mauvais coton."",""id"":32435},{""source"":""gemini"",""original_id"":""19572"",""pun"":""Pourquoi les vêtements d'occasion sont-ils si polis ? Parce qu'ils ont beaucoup d'usage."",""id"":65506}]"	models_then_judges	"{""comedian"":0.0,""pun_expert"":100.0,""editor"":0.0,""translator"":0.0}"	"{""claude"":25.0,""gemini_pro"":25.0,""gpt"":25.0}"	"{""83519"":400.0,""65506"":300.0,""32435"":200.0,""48492"":100.0}"	"[{""id"":83519,""source"":""gpt_single"",""original_id"":"""",""score"":400.0,""pun"":""Les vêtements de seconde main ne sont jamais usés : ils ont juste des us et coutures.""},{""id"":65506,""source"":""gemini"",""original_id"":""19572"",""score"":300.0,""pun"":""Pourquoi les vêtements d'occasion sont-ils si polis ? Parce qu'ils ont beaucoup d'usage.""},{""id"":32435,""source"":""gemini_pro_single"",""original_id"":"""",""score"":200.0,""pun"":""Les vêtements de seconde main ont un avantage certain : ils refusent de filer un mauvais coton.""},{""id"":48492,""source"":""claude"",""original_id"":""59831"",""score"":100.0,""pun"":""Avec les vêtements d'occasion, on ne risque pas l'usure — le précédent propriétaire s'en est déjà chargé !""}]"	83519	gpt_single		Les vêtements de seconde main ne sont jamais usés : ils ont juste des us et coutures.	400.0		discriminator_run2_v4
2648	Securities are the cause of many people's insecurities.	"[{""source"":""gemini"",""original_id"":""21076"",""pun"":""On a tous des actions, mais ce sont elles qui nous empêchent de passer à l'action."",""id"":14586},{""source"":""gemini_pro_single"",""original_id"":"""",""pun"":""Beaucoup d'investisseurs achètent des actions pour masquer leur manque d'assurance."",""id"":21277},{""source"":""claude"",""original_id"":""61443"",""pun"":""En finance on parle de liquidités — moi quand je regarde mes comptes, je fonds en larmes : ça aussi c'est de la liquidité."",""id"":73443},{""source"":""gpt_single"",""original_id"":"""",""pun"":""Quand mes titres chutent, je suis inquiet à juste titre."",""id"":19135}]"	models_then_judges	"{""comedian"":0.0,""pun_expert"":100.0,""editor"":0.0,""translator"":0.0}"	"{""claude"":25.0,""gemini_pro"":25.0,""gpt"":25.0}"	"{""19135"":400.0,""73443"":300.0,""14586"":200.0,""21277"":100.0}"	"[{""id"":19135,""source"":""gpt_single"",""original_id"":"""",""score"":400.0,""pun"":""Quand mes titres chutent, je suis inquiet à juste titre.""},{""id"":73443,""source"":""claude"",""original_id"":""61443"",""score"":300.0,""pun"":""En finance on parle de liquidités — moi quand je regarde mes comptes, je fonds en larmes : ça aussi c'est de la liquidité.""},{""id"":14586,""source"":""gemini"",""original_id"":""21076"",""score"":200.0,""pun"":""On a tous des actions, mais ce sont elles qui nous empêchent de passer à l'action.""},{""id"":21277,""source"":""gemini_pro_single"",""original_id"":"""",""score"":100.0,""pun"":""Beaucoup d'investisseurs achètent des actions pour masquer leur manque d'assurance.""}]"	19135	gpt_single		Quand mes titres chutent, je suis inquiet à juste titre.	400.0		discriminator_run2_v4
2649	"See, I'm like this place's... ""walking dictionpedia""...? You mean ""walking encyclopedia""?"	"[{""source"":""gemini"",""original_id"":""11921"",""pun"":""C'est un 'dico-ptère' : il survole tous les sujets sans jamais approfondir."",""id"":77262},{""source"":""claude"",""original_id"":""26399"",""pun"":""Je suis une encyclopédie sur pattes. — Tu veux dire un dictionnaire ambulant ? — Non, moi j'ai des illustrations."",""id"":91042},{""source"":""gpt_single"",""original_id"":"""",""pun"":""On m’appelle le dictionnaire vivant : je sais tout, et en plus je le dis avec une excellente diction."",""id"":84882},{""source"":""gemini_pro_single"",""original_id"":"""",""pun"":""Tu vois, je suis un peu la « dictionclopédie » ambulante du coin... ? — Tu veux dire l'encyclopédie ?"",""id"":46440}]"	models_then_judges	"{""comedian"":0.0,""pun_expert"":100.0,""editor"":0.0,""translator"":0.0}"	"{""claude"":25.0,""gemini_pro"":25.0,""gpt"":25.0}"	"{""77262"":400.0,""84882"":300.0,""46440"":200.0,""91042"":100.0}"	"[{""id"":77262,""source"":""gemini"",""original_id"":""11921"",""score"":400.0,""pun"":""C'est un 'dico-ptère' : il survole tous les sujets sans jamais approfondir.""},{""id"":84882,""source"":""gpt_single"",""original_id"":"""",""score"":300.0,""pun"":""On m’appelle le dictionnaire vivant : je sais tout, et en plus je le dis avec une excellente diction.""},{""id"":46440,""source"":""gemini_pro_single"",""original_id"":"""",""score"":200.0,""pun"":""Tu vois, je suis un peu la « dictionclopédie » ambulante du coin... ? — Tu veux dire l'encyclopédie ?""},{""id"":91042,""source"":""claude"",""original_id"":""26399"",""score"":100.0,""pun"":""Je suis une encyclopédie sur pattes. — Tu veux dire un dictionnaire ambulant ? — Non, moi j'ai des illustrations.""}]"	77262	gemini	11921	C'est un 'dico-ptère' : il survole tous les sujets sans jamais approfondir.	400.0		discriminator_run2_v4
2650	Sellers of dried grapes are always raisin awareness.	"[{""source"":""gemini_pro_single"",""original_id"":"""",""pun"":""Les marchands de fruits secs ne se trompent jamais : ils ont toujours raisin."",""id"":75638},{""source"":""gpt_single"",""original_id"":"""",""pun"":""Pour les vendeurs de raisins secs, sensibiliser le public, c’est leur raisin d’être."",""id"":91508},{""source"":""gemini"",""original_id"":""73299"",""pun"":""Les marchands de raisins secs sont-ils riches ? Oui, ils vivent de leurs revenus de sultanine."",""id"":33811},{""source"":""claude"",""original_id"":""16345"",""pun"":""J'ai demandé au vendeur de raisins secs comment il faisait sa pub. Il m'a répondu : 'Je mise tout sur le bouche-à-oreille… et le raisin-nement logique.'"",""id"":88337}]"	models_then_judges	"{""comedian"":0.0,""pun_expert"":100.0,""editor"":0.0,""translator"":0.0}"	"{""claude"":25.0,""gemini_pro"":25.0,""gpt"":25.0}"	"{""75638"":400.0,""91508"":300.0,""88337"":200.0,""33811"":100.0}"	"[{""id"":75638,""source"":""gemini_pro_single"",""original_id"":"""",""score"":400.0,""pun"":""Les marchands de fruits secs ne se trompent jamais : ils ont toujours raisin.""},{""id"":91508,""source"":""gpt_single"",""original_id"":"""",""score"":300.0,""pun"":""Pour les vendeurs de raisins secs, sensibiliser le public, c’est leur raisin d’être.""},{""id"":88337,""source"":""claude"",""original_id"":""16345"",""score"":200.0,""pun"":""J'ai demandé au vendeur de raisins secs comment il faisait sa pub. Il m'a répondu : 'Je mise tout sur le bouche-à-oreille… et le raisin-nement logique.'""},{""id"":33811,""source"":""gemini"",""original_id"":""73299"",""score"":100.0,""pun"":""Les marchands de raisins secs sont-ils riches ? Oui, ils vivent de leurs revenus de sultanine.""}]"	75638	gemini_pro_single		Les marchands de fruits secs ne se trompent jamais : ils ont toujours raisin.	400.0		discriminator_run2_v4
2651	Selling gasoline too cheaply would be fuelish.	"[{""source"":""claude"",""original_id"":""24708"",""pun"":""Le pompiste philosophe dit : 'Sans essence, la vie perd toute son essence.'"",""id"":47666},{""source"":""gemini_pro_single"",""original_id"":"""",""pun"":""Pour vendre de l'essence à ce prix-là, il faut être complètement siphonné !"",""id"":68671},{""source"":""gpt_single"",""original_id"":"""",""pun"":""Vendre l’essence à prix cassé, c’est une idée sans plomb."",""id"":43598},{""source"":""gemini"",""original_id"":""15065"",""pun"":""Il n'est pas insensé de faire le plein, c'est juste une question d'essence."",""id"":36012}]"	models_then_judges	"{""comedian"":0.0,""pun_expert"":100.0,""editor"":0.0,""translator"":0.0}"	"{""claude"":25.0,""gemini_pro"":25.0,""gpt"":25.0}"	"{""47666"":400.0,""43598"":300.0,""68671"":200.0,""36012"":100.0}"	"[{""id"":47666,""source"":""claude"",""original_id"":""24708"",""score"":400.0,""pun"":""Le pompiste philosophe dit : 'Sans essence, la vie perd toute son essence.'""},{""id"":43598,""source"":""gpt_single"",""original_id"":"""",""score"":300.0,""pun"":""Vendre l’essence à prix cassé, c’est une idée sans plomb.""},{""id"":68671,""source"":""gemini_pro_single"",""original_id"":"""",""score"":200.0,""pun"":""Pour vendre de l'essence à ce prix-là, il faut être complètement siphonné !""},{""id"":36012,""source"":""gemini"",""original_id"":""15065"",""score"":100.0,""pun"":""Il n'est pas insensé de faire le plein, c'est juste une question d'essence.""}]"	47666	claude	24708	Le pompiste philosophe dit : 'Sans essence, la vie perd toute son essence.'	400.0		discriminator_run2_v4
2652	Seven days without a pun makes one weak.	"[{""source"":""claude"",""original_id"":""25961"",""pun"":""Sans calembour pendant sept jours, je suis complètement à plat — c'est ce qu'on appelle une semaine creuse."",""id"":26085},{""source"":""gemini_pro_single"",""original_id"":"""",""pun"":""Sept jours sans faire la moindre blague, et vous voilà devenu un comique du dimanche."",""id"":45543},{""source"":""gemini"",""original_id"":""36688"",""pun"":""Passer sept jours sans faire de jeux de mots, ça lasse la semaine."",""id"":60426},{""source"":""gpt_single"",""original_id"":"""",""pun"":""Sept jours sans jeux de mots, et je n’ai plus que des maux : je deviens faible."",""id"":28143}]"	models_then_judges	"{""comedian"":0.0,""pun_expert"":100.0,""editor"":0.0,""translator"":0.0}"	"{""claude"":25.0,""gemini_pro"":25.0,""gpt"":25.0}"	"{""28143"":400.0,""26085"":300.0,""60426"":200.0,""45543"":100.0}"	"[{""id"":28143,""source"":""gpt_single"",""original_id"":"""",""score"":400.0,""pun"":""Sept jours sans jeux de mots, et je n’ai plus que des maux : je deviens faible.""},{""id"":26085,""source"":""claude"",""original_id"":""25961"",""score"":300.0,""pun"":""Sans calembour pendant sept jours, je suis complètement à plat — c'est ce qu'on appelle une semaine creuse.""},{""id"":60426,""source"":""gemini"",""original_id"":""36688"",""score"":200.0,""pun"":""Passer sept jours sans faire de jeux de mots, ça lasse la semaine.""},{""id"":45543,""source"":""gemini_pro_single"",""original_id"":"""",""score"":100.0,""pun"":""Sept jours sans faire la moindre blague, et vous voilà devenu un comique du dimanche.""}]"	28143	gpt_single		Sept jours sans jeux de mots, et je n’ai plus que des maux : je deviens faible.	400.0		discriminator_run2_v4
2653	Several states were delighted by the solar eclipse.	"[{""source"":""gemini"",""original_id"":""81337"",""pun"":""Le pays est resté sans voix face à l'éclipse, un comble pour une nation qui a tant de régions qui l'ouvrent."",""id"":14801},{""source"":""claude"",""original_id"":""17138"",""pun"":""L'éclipse solaire a ravi plusieurs territoires — maintenant ils réclament une deuxième tournée !"",""id"":19150},{""source"":""gemini_pro_single"",""original_id"":"""",""pun"":""L'éclipse solaire a mis les États-Unis dans tous leurs états."",""id"":38046},{""source"":""gpt_single"",""original_id"":"""",""pun"":""Lors de l’éclipse solaire, plusieurs États étaient dans tous leurs états."",""id"":93686}]"	models_then_judges	"{""comedian"":0.0,""pun_expert"":100.0,""editor"":0.0,""translator"":0.0}"	"{""claude"":25.0,""gemini_pro"":25.0,""gpt"":25.0}"	"{""93686"":400.0,""38046"":300.0,""14801"":200.0,""19150"":100.0}"	"[{""id"":93686,""source"":""gpt_single"",""original_id"":"""",""score"":400.0,""pun"":""Lors de l’éclipse solaire, plusieurs États étaient dans tous leurs états.""},{""id"":38046,""source"":""gemini_pro_single"",""original_id"":"""",""score"":300.0,""pun"":""L'éclipse solaire a mis les États-Unis dans tous leurs états.""},{""id"":14801,""source"":""gemini"",""original_id"":""81337"",""score"":200.0,""pun"":""Le pays est resté sans voix face à l'éclipse, un comble pour une nation qui a tant de régions qui l'ouvrent.""},{""id"":19150,""source"":""claude"",""original_id"":""17138"",""score"":100.0,""pun"":""L'éclipse solaire a ravi plusieurs territoires — maintenant ils réclament une deuxième tournée !""}]"	93686	gpt_single		Lors de l’éclipse solaire, plusieurs États étaient dans tous leurs états.	400.0		discriminator_run2_v4
2654	Sewing up the market in textile industry	"[{""source"":""gpt_single"",""original_id"":"""",""pun"":""Dans le textile, ce tailleur s’est taillé la part du lion."",""id"":29666},{""source"":""gemini_pro_single"",""original_id"":"""",""pun"":""Pour dominer le marché de l'industrie textile, les entreprises sont prêtes à en découdre."",""id"":54725},{""source"":""claude"",""original_id"":""61962"",""pun"":""Monopoliser le textile ? Il l'a fait point par point — aucune maille ne lui a échappé."",""id"":74653},{""source"":""gemini"",""original_id"":""67630"",""pun"":""Le monopole du coton ? Une affaire cousue de fil blanc."",""id"":65479}]"	models_then_judges	"{""comedian"":0.0,""pun_expert"":100.0,""editor"":0.0,""translator"":0.0}"	"{""claude"":25.0,""gemini_pro"":25.0,""gpt"":25.0}"	"{""54725"":400.0,""74653"":300.0,""65479"":200.0,""29666"":100.0}"	"[{""id"":54725,""source"":""gemini_pro_single"",""original_id"":"""",""score"":400.0,""pun"":""Pour dominer le marché de l'industrie textile, les entreprises sont prêtes à en découdre.""},{""id"":74653,""source"":""claude"",""original_id"":""61962"",""score"":300.0,""pun"":""Monopoliser le textile ? Il l'a fait point par point — aucune maille ne lui a échappé.""},{""id"":65479,""source"":""gemini"",""original_id"":""67630"",""score"":200.0,""pun"":""Le monopole du coton ? Une affaire cousue de fil blanc.""},{""id"":29666,""source"":""gpt_single"",""original_id"":"""",""score"":100.0,""pun"":""Dans le textile, ce tailleur s’est taillé la part du lion.""}]"	54725	gemini_pro_single		Pour dominer le marché de l'industrie textile, les entreprises sont prêtes à en découdre.	400.0		discriminator_run2_v4
2655	Sgt.: Commissar! Commissar! The troops are revolting! Commissar: Well, you're pretty repulsive yourself.	"[{""source"":""claude"",""original_id"":""76973"",""pun"":""Sergent : Commissaire, les soldats sont révoltants ! Commissaire : Et alors ? Vous aussi, vous sentez la révolte."",""id"":88723},{""source"":""gpt_single"",""original_id"":"""",""pun"":""« Commissaire, les troupes se révoltent ! » — « Oui, et vu l’odeur, c’est vraiment révoltant. »"",""id"":68722},{""source"":""gemini_pro_single"",""original_id"":"""",""pun"":""Sergent : Commissaire ! Les troupes se soulèvent ! Commissaire : C'est vrai que votre odeur me soulève le cœur."",""id"":26750},{""source"":""gemini"",""original_id"":""13317"",""pun"":""- Sergent, les mutins m'écoeurent ! - Normal, l'insurrection, ça soulève toujours le cœur."",""id"":94023}]"	models_then_judges	"{""comedian"":0.0,""pun_expert"":100.0,""editor"":0.0,""translator"":0.0}"	"{""claude"":25.0,""gemini_pro"":25.0,""gpt"":25.0}"	"{""26750"":400.0,""68722"":300.0,""94023"":200.0,""88723"":100.0}"	"[{""id"":26750,""source"":""gemini_pro_single"",""original_id"":"""",""score"":400.0,""pun"":""Sergent : Commissaire ! Les troupes se soulèvent ! Commissaire : C'est vrai que votre odeur me soulève le cœur.""},{""id"":68722,""source"":""gpt_single"",""original_id"":"""",""score"":300.0,""pun"":""« Commissaire, les troupes se révoltent ! » — « Oui, et vu l’odeur, c’est vraiment révoltant. »""},{""id"":94023,""source"":""gemini"",""original_id"":""13317"",""score"":200.0,""pun"":""- Sergent, les mutins m'écoeurent ! - Normal, l'insurrection, ça soulève toujours le cœur.""},{""id"":88723,""source"":""claude"",""original_id"":""76973"",""score"":100.0,""pun"":""Sergent : Commissaire, les soldats sont révoltants ! Commissaire : Et alors ? Vous aussi, vous sentez la révolte.""}]"	26750	gemini_pro_single		Sergent : Commissaire ! Les troupes se soulèvent ! Commissaire : C'est vrai que votre odeur me soulève le cœur.	400.0		discriminator_run2_v4
2656	Shall I show you to the scene of the crime, Detective Gymshoe?	"[{""source"":""gemini"",""original_id"":""22295"",""pun"":""On l'appelle l'inspecteur Lacets, il finit toujours par boucler l'affaire."",""id"":23521},{""source"":""gemini_pro_single"",""original_id"":"""",""pun"":""Je vous emmène sur la scène du crime, détective privé de baskets ?"",""id"":50407},{""source"":""gpt_single"",""original_id"":"""",""pun"":""Par ici, inspecteur Espadrille : sur la scène du crime, on a déjà une piste de semelles."",""id"":48912},{""source"":""claude"",""original_id"":""24548"",""pun"":""— Comment s'appelle le détective spécialiste des vols de chaussures ? — L'inspecteur Basket, évidemment."",""id"":29526}]"	models_then_judges	"{""comedian"":0.0,""pun_expert"":100.0,""editor"":0.0,""translator"":0.0}"	"{""claude"":25.0,""gemini_pro"":25.0,""gpt"":25.0}"	"{""23521"":400.0,""48912"":300.0,""50407"":200.0,""29526"":100.0}"	"[{""id"":23521,""source"":""gemini"",""original_id"":""22295"",""score"":400.0,""pun"":""On l'appelle l'inspecteur Lacets, il finit toujours par boucler l'affaire.""},{""id"":48912,""source"":""gpt_single"",""original_id"":"""",""score"":300.0,""pun"":""Par ici, inspecteur Espadrille : sur la scène du crime, on a déjà une piste de semelles.""},{""id"":50407,""source"":""gemini_pro_single"",""original_id"":"""",""score"":200.0,""pun"":""Je vous emmène sur la scène du crime, détective privé de baskets ?""},{""id"":29526,""source"":""claude"",""original_id"":""24548"",""score"":100.0,""pun"":""— Comment s'appelle le détective spécialiste des vols de chaussures ? — L'inspecteur Basket, évidemment.""}]"	23521	gemini	22295	On l'appelle l'inspecteur Lacets, il finit toujours par boucler l'affaire.	400.0		discriminator_run2_v4
2657	Shave Yourself.	"[{""source"":""claude"",""original_id"":""21534"",""pun"":""Je me suis rasé de justesse !"",""id"":43364},{""source"":""gemini_pro_single"",""original_id"":"""",""pun"":""Incendie chez le barbier : chauve qui peut !"",""id"":95186},{""source"":""gpt_single"",""original_id"":"""",""pun"":""Avec ce rasoir, c’est rase qui peut !"",""id"":65974},{""source"":""gemini"",""original_id"":""52292"",""pun"":""Les barbiers sont les seuls hommes qui peuvent sauver la face tout en coupant des têtes."",""id"":74233}]"	models_then_judges	"{""comedian"":0.0,""pun_expert"":100.0,""editor"":0.0,""translator"":0.0}"	"{""claude"":25.0,""gemini_pro"":25.0,""gpt"":25.0}"	"{""95186"":400.0,""43364"":300.0,""65974"":200.0,""74233"":100.0}"	"[{""id"":95186,""source"":""gemini_pro_single"",""original_id"":"""",""score"":400.0,""pun"":""Incendie chez le barbier : chauve qui peut !""},{""id"":43364,""source"":""claude"",""original_id"":""21534"",""score"":300.0,""pun"":""Je me suis rasé de justesse !""},{""id"":65974,""source"":""gpt_single"",""original_id"":"""",""score"":200.0,""pun"":""Avec ce rasoir, c’est rase qui peut !""},{""id"":74233,""source"":""gemini"",""original_id"":""52292"",""score"":100.0,""pun"":""Les barbiers sont les seuls hommes qui peuvent sauver la face tout en coupant des têtes.""}]"	95186	gemini_pro_single		Incendie chez le barbier : chauve qui peut !	400.0		discriminator_run2_v4
2658	She always paints night scenes. Other artists pale by comparison.	"[{""source"":""gemini"",""original_id"":""90593"",""pun"":""Ma peintre préférée adore le blanc. Ses concurrents font pâle figure."",""id"":48614},{""source"":""gemini_pro_single"",""original_id"":"""",""pun"":""Elle peint toujours des scènes de nuit ; à côté, les autres peintres font pâle figure."",""id"":19926},{""source"":""gpt_single"",""original_id"":"""",""pun"":""Elle peint toujours des scènes de nuit : à côté, les autres artistes font pâle figure."",""id"":40550},{""source"":""claude"",""original_id"":""68991"",""pun"":""Elle peint toujours des scènes nocturnes. Les autres artistes font pâle figure à côté."",""id"":57176}]"	models_then_judges	"{""comedian"":0.0,""pun_expert"":100.0,""editor"":0.0,""translator"":0.0}"	"{""claude"":25.0,""gemini_pro"":25.0,""gpt"":25.0}"	"{""48614"":400.0,""19926"":300.0,""40550"":200.0,""57176"":100.0}"	"[{""id"":48614,""source"":""gemini"",""original_id"":""90593"",""score"":400.0,""pun"":""Ma peintre préférée adore le blanc. Ses concurrents font pâle figure.""},{""id"":19926,""source"":""gemini_pro_single"",""original_id"":"""",""score"":300.0,""pun"":""Elle peint toujours des scènes de nuit ; à côté, les autres peintres font pâle figure.""},{""id"":40550,""source"":""gpt_single"",""original_id"":"""",""score"":200.0,""pun"":""Elle peint toujours des scènes de nuit : à côté, les autres artistes font pâle figure.""},{""id"":57176,""source"":""claude"",""original_id"":""68991"",""score"":100.0,""pun"":""Elle peint toujours des scènes nocturnes. Les autres artistes font pâle figure à côté.""}]"	48614	gemini	90593	Ma peintre préférée adore le blanc. Ses concurrents font pâle figure.	400.0		discriminator_run2_v4
2659	She became a telephone operator because it was her calling.	"[{""source"":""gemini_pro_single"",""original_id"":"""",""pun"":""Elle est devenue standardiste, c'était sa façon de répondre à l'appel."",""id"":44872},{""source"":""gemini"",""original_id"":""34384"",""pun"":""Elle a choisi le téléphone car elle cherchait un métier qui a du répondant."",""id"":16477},{""source"":""claude"",""original_id"":""33267"",""pun"":""Elle a répondu à l'appel du destin… en décrochant un emploi de téléphoniste."",""id"":37274},{""source"":""gpt_single"",""original_id"":"""",""pun"":""Elle est devenue standardiste : quand la vocation appelle, elle décroche."",""id"":82424}]"	models_then_judges	"{""comedian"":0.0,""pun_expert"":100.0,""editor"":0.0,""translator"":0.0}"	"{""claude"":25.0,""gemini_pro"":25.0,""gpt"":25.0}"	"{""82424"":400.0,""37274"":300.0,""44872"":200.0,""16477"":100.0}"	"[{""id"":82424,""source"":""gpt_single"",""original_id"":"""",""score"":400.0,""pun"":""Elle est devenue standardiste : quand la vocation appelle, elle décroche.""},{""id"":37274,""source"":""claude"",""original_id"":""33267"",""score"":300.0,""pun"":""Elle a répondu à l'appel du destin… en décrochant un emploi de téléphoniste.""},{""id"":44872,""source"":""gemini_pro_single"",""original_id"":"""",""score"":200.0,""pun"":""Elle est devenue standardiste, c'était sa façon de répondre à l'appel.""},{""id"":16477,""source"":""gemini"",""original_id"":""34384"",""score"":100.0,""pun"":""Elle a choisi le téléphone car elle cherchait un métier qui a du répondant.""}]"	82424	gpt_single		Elle est devenue standardiste : quand la vocation appelle, elle décroche.	400.0		discriminator_run2_v4
2660	She became an art dealer because she wanted more Monet.	"[{""source"":""gpt_single"",""original_id"":"""",""pun"":""Elle a ouvert une galerie pour changer ses toiles en Monet."",""id"":19059},{""source"":""claude"",""original_id"":""62935"",""pun"":""Pourquoi Monet ne payait-il jamais ses dettes ? Parce qu'il préférait faire des impressions."",""id"":32497},{""source"":""gemini"",""original_id"":""10690"",""pun"":""Elle a quitté son mari peintre car il ne lui faisait plus de cadeaux, il n'avait plus de Monet."",""id"":83414},{""source"":""gemini_pro_single"",""original_id"":"""",""pun"":""Elle est devenue marchande d'art impressionniste parce qu'elle voulait se faire un peu de Monet."",""id"":62676}]"	models_then_judges	"{""comedian"":0.0,""pun_expert"":100.0,""editor"":0.0,""translator"":0.0}"	"{""claude"":25.0,""gemini_pro"":25.0,""gpt"":25.0}"	"{""62676"":400.0,""19059"":300.0,""83414"":200.0,""32497"":100.0}"	"[{""id"":62676,""source"":""gemini_pro_single"",""original_id"":"""",""score"":400.0,""pun"":""Elle est devenue marchande d'art impressionniste parce qu'elle voulait se faire un peu de Monet.""},{""id"":19059,""source"":""gpt_single"",""original_id"":"""",""score"":300.0,""pun"":""Elle a ouvert une galerie pour changer ses toiles en Monet.""},{""id"":83414,""source"":""gemini"",""original_id"":""10690"",""score"":200.0,""pun"":""Elle a quitté son mari peintre car il ne lui faisait plus de cadeaux, il n'avait plus de Monet.""},{""id"":32497,""source"":""claude"",""original_id"":""62935"",""score"":100.0,""pun"":""Pourquoi Monet ne payait-il jamais ses dettes ? Parce qu'il préférait faire des impressions.""}]"	62676	gemini_pro_single		Elle est devenue marchande d'art impressionniste parce qu'elle voulait se faire un peu de Monet.	400.0		discriminator_run2_v4
2661	She didn't marry the gardener. Too rough around the hedges.	"[{""source"":""gpt_single"",""original_id"":"""",""pun"":""Elle n’a pas épousé le jardinier : il n’était pas très net sur les bords… des haies."",""id"":13717},{""source"":""gemini_pro_single"",""original_id"":"""",""pun"":""Elle n'a pas épousé le jardinier. Elle a préféré lui mettre un râteau."",""id"":16907},{""source"":""claude"",""original_id"":""36360"",""pun"":""Elle n'a pas épousé le jardinier. Il tournait trop autour du pot."",""id"":65079},{""source"":""gemini"",""original_id"":""17222"",""pun"":""Le jardinier a été plaqué : il n'était pas assez cultivé."",""id"":43807}]"	models_then_judges	"{""comedian"":0.0,""pun_expert"":100.0,""editor"":0.0,""translator"":0.0}"	"{""claude"":25.0,""gemini_pro"":25.0,""gpt"":25.0}"	"{""16907"":400.0,""43807"":300.0,""13717"":200.0,""65079"":100.0}"	"[{""id"":16907,""source"":""gemini_pro_single"",""original_id"":"""",""score"":400.0,""pun"":""Elle n'a pas épousé le jardinier. Elle a préféré lui mettre un râteau.""},{""id"":43807,""source"":""gemini"",""original_id"":""17222"",""score"":300.0,""pun"":""Le jardinier a été plaqué : il n'était pas assez cultivé.""},{""id"":13717,""source"":""gpt_single"",""original_id"":"""",""score"":200.0,""pun"":""Elle n’a pas épousé le jardinier : il n’était pas très net sur les bords… des haies.""},{""id"":65079,""source"":""claude"",""original_id"":""36360"",""score"":100.0,""pun"":""Elle n'a pas épousé le jardinier. Il tournait trop autour du pot.""}]"	16907	gemini_pro_single		Elle n'a pas épousé le jardinier. Elle a préféré lui mettre un râteau.	400.0		discriminator_run2_v4
2662	She dumped him because of all their lousy dates. After all, whining and dining does get tiresome after a while.	"[{""source"":""gemini"",""original_id"":""47357"",""pun"":""Il pleurait tout le temps dans son vin. Elle a fini par le trouver trop soûlant."",""id"":40571},{""source"":""gemini_pro_single"",""original_id"":"""",""pun"":""Elle l'a quitté car il pleurnichait à chaque dîner. À défaut de mettre de l'eau dans son vin, il y mettait toujours ses larmes."",""id"":61417},{""source"":""claude"",""original_id"":""24185"",""pun"":""Il pleurait dans son cabernet tous les soirs. Elle a fini par le quitter — certains hommes sont meilleurs en bouteille qu'en société."",""id"":50125},{""source"":""gpt_single"",""original_id"":"""",""pun"":""Elle l’a largué : leurs dîners romantiques viraient toujours du vin rouge au ouin-ouin."",""id"":41914}]"	models_then_judges	"{""comedian"":0.0,""pun_expert"":100.0,""editor"":0.0,""translator"":0.0}"	"{""claude"":25.0,""gemini_pro"":25.0,""gpt"":25.0}"	"{""41914"":400.0,""61417"":300.0,""40571"":200.0,""50125"":100.0}"	"[{""id"":41914,""source"":""gpt_single"",""original_id"":"""",""score"":400.0,""pun"":""Elle l’a largué : leurs dîners romantiques viraient toujours du vin rouge au ouin-ouin.""},{""id"":61417,""source"":""gemini_pro_single"",""original_id"":"""",""score"":300.0,""pun"":""Elle l'a quitté car il pleurnichait à chaque dîner. À défaut de mettre de l'eau dans son vin, il y mettait toujours ses larmes.""},{""id"":40571,""source"":""gemini"",""original_id"":""47357"",""score"":200.0,""pun"":""Il pleurait tout le temps dans son vin. Elle a fini par le trouver trop soûlant.""},{""id"":50125,""source"":""claude"",""original_id"":""24185"",""score"":100.0,""pun"":""Il pleurait dans son cabernet tous les soirs. Elle a fini par le quitter — certains hommes sont meilleurs en bouteille qu'en société.""}]"	41914	gpt_single		Elle l’a largué : leurs dîners romantiques viraient toujours du vin rouge au ouin-ouin.	400.0		discriminator_run2_v4
2663	She got fired from the hot dog stand for putting her hair in a bun.	"[{""source"":""gemini_pro_single"",""original_id"":"""",""pun"":""Elle a été virée de la pâtisserie pour avoir mis ses cheveux dans la charlotte."",""id"":46661},{""source"":""gpt_single"",""original_id"":"""",""pun"":""Elle s’est fait virer du stand de hot-dogs : elle remplaçait le quignon par son chignon."",""id"":70043},{""source"":""claude"",""original_id"":""90582"",""pun"":""Le boulanger a licencié son assistante : elle relevait toujours ses cheveux avec une baguette."",""id"":60366},{""source"":""gemini"",""original_id"":""89895"",""pun"":""Le boulanger a perdu son travail car il ne supportait plus d'être roulé dans la farine."",""id"":62602}]"	models_then_judges	"{""comedian"":0.0,""pun_expert"":100.0,""editor"":0.0,""translator"":0.0}"	"{""claude"":25.0,""gemini_pro"":25.0,""gpt"":25.0}"	"{""46661"":400.0,""60366"":300.0,""70043"":200.0,""62602"":100.0}"	"[{""id"":46661,""source"":""gemini_pro_single"",""original_id"":"""",""score"":400.0,""pun"":""Elle a été virée de la pâtisserie pour avoir mis ses cheveux dans la charlotte.""},{""id"":60366,""source"":""claude"",""original_id"":""90582"",""score"":300.0,""pun"":""Le boulanger a licencié son assistante : elle relevait toujours ses cheveux avec une baguette.""},{""id"":70043,""source"":""gpt_single"",""original_id"":"""",""score"":200.0,""pun"":""Elle s’est fait virer du stand de hot-dogs : elle remplaçait le quignon par son chignon.""},{""id"":62602,""source"":""gemini"",""original_id"":""89895"",""score"":100.0,""pun"":""Le boulanger a perdu son travail car il ne supportait plus d'être roulé dans la farine.""}]"	46661	gemini_pro_single		Elle a été virée de la pâtisserie pour avoir mis ses cheveux dans la charlotte.	400.0		discriminator_run2_v4
2664	She had a boyfriend with a wooden leg, but broke it off.	"[{""source"":""gpt_single"",""original_id"":"""",""pun"":""Elle sortait avec un type à jambe de bois ; elle a fini par rompre, et la prothèse aussi."",""id"":98523},{""source"":""gemini"",""original_id"":""35302"",""pun"":""Elle sortait avec un menuisier mais elle a fini par le plaquer."",""id"":99517},{""source"":""claude"",""original_id"":""55907"",""pun"":""Mon copain avait une jambe en bois. J'ai rompu. Lui aussi, mais c'était pas volontaire."",""id"":40368},{""source"":""gemini_pro_single"",""original_id"":"""",""pun"":""Elle sortait avec un homme à la jambe de bois, mais au final... ça a cassé."",""id"":55351}]"	models_then_judges	"{""comedian"":0.0,""pun_expert"":100.0,""editor"":0.0,""translator"":0.0}"	"{""claude"":25.0,""gemini_pro"":25.0,""gpt"":25.0}"	"{""99517"":400.0,""40368"":300.0,""55351"":200.0,""98523"":100.0}"	"[{""id"":99517,""source"":""gemini"",""original_id"":""35302"",""score"":400.0,""pun"":""Elle sortait avec un menuisier mais elle a fini par le plaquer.""},{""id"":40368,""source"":""claude"",""original_id"":""55907"",""score"":300.0,""pun"":""Mon copain avait une jambe en bois. J'ai rompu. Lui aussi, mais c'était pas volontaire.""},{""id"":55351,""source"":""gemini_pro_single"",""original_id"":"""",""score"":200.0,""pun"":""Elle sortait avec un homme à la jambe de bois, mais au final... ça a cassé.""},{""id"":98523,""source"":""gpt_single"",""original_id"":"""",""score"":100.0,""pun"":""Elle sortait avec un type à jambe de bois ; elle a fini par rompre, et la prothèse aussi.""}]"	99517	gemini	35302	Elle sortait avec un menuisier mais elle a fini par le plaquer.	400.0		discriminator_run2_v4
2665	She had a photographic memory, but never developed it.	"[{""source"":""claude"",""original_id"":""66447"",""pun"":""Elle avait une mémoire photographique, mais n'a jamais rien développé."",""id"":90743},{""source"":""gemini"",""original_id"":""97012"",""pun"":""Le photographe a été viré car il manquait d'objectifs."",""id"":13373},{""source"":""gemini_pro_single"",""original_id"":"""",""pun"":""Elle avait une mémoire photographique, mais elle ne l'a jamais développée."",""id"":66785},{""source"":""gpt_single"",""original_id"":"""",""pun"":""Elle avait une mémoire photographique, mais elle ne l’a jamais développée : elle est restée en négatif."",""id"":21866}]"	models_then_judges	"{""comedian"":0.0,""pun_expert"":100.0,""editor"":0.0,""translator"":0.0}"	"{""claude"":25.0,""gemini_pro"":25.0,""gpt"":25.0}"	"{""13373"":400.0,""21866"":300.0,""66785"":200.0,""90743"":100.0}"	"[{""id"":13373,""source"":""gemini"",""original_id"":""97012"",""score"":400.0,""pun"":""Le photographe a été viré car il manquait d'objectifs.""},{""id"":21866,""source"":""gpt_single"",""original_id"":"""",""score"":300.0,""pun"":""Elle avait une mémoire photographique, mais elle ne l’a jamais développée : elle est restée en négatif.""},{""id"":66785,""source"":""gemini_pro_single"",""original_id"":"""",""score"":200.0,""pun"":""Elle avait une mémoire photographique, mais elle ne l'a jamais développée.""},{""id"":90743,""source"":""claude"",""original_id"":""66447"",""score"":100.0,""pun"":""Elle avait une mémoire photographique, mais n'a jamais rien développé.""}]"	13373	gemini	97012	Le photographe a été viré car il manquait d'objectifs.	400.0		discriminator_run2_v4
2666	She had two different jobs as a chef which gave her a full plate.	"[{""source"":""gpt_single"",""original_id"":"""",""pun"":""Avec deux cuisines à gérer, la cheffe avait du pain sur la planche."",""id"":62605},{""source"":""claude"",""original_id"":""74398"",""pun"":""Elle cumulait deux boulots de cuisinière — son agenda était bien garni, comme ses assiettes."",""id"":43682},{""source"":""gemini_pro_single"",""original_id"":"""",""pun"":""Avec ses deux emplois, cette boulangère a vraiment du pain sur la planche."",""id"":17894},{""source"":""gemini"",""original_id"":""18174"",""pun"":""Elle fait deux services de suite : elle a vraiment un planning aux petits oignons, mais ça la fait pleurer."",""id"":34977}]"	models_then_judges	"{""comedian"":0.0,""pun_expert"":100.0,""editor"":0.0,""translator"":0.0}"	"{""claude"":25.0,""gemini_pro"":25.0,""gpt"":25.0}"	"{""17894"":400.0,""62605"":300.0,""34977"":200.0,""43682"":100.0}"	"[{""id"":17894,""source"":""gemini_pro_single"",""original_id"":"""",""score"":400.0,""pun"":""Avec ses deux emplois, cette boulangère a vraiment du pain sur la planche.""},{""id"":62605,""source"":""gpt_single"",""original_id"":"""",""score"":300.0,""pun"":""Avec deux cuisines à gérer, la cheffe avait du pain sur la planche.""},{""id"":34977,""source"":""gemini"",""original_id"":""18174"",""score"":200.0,""pun"":""Elle fait deux services de suite : elle a vraiment un planning aux petits oignons, mais ça la fait pleurer.""},{""id"":43682,""source"":""claude"",""original_id"":""74398"",""score"":100.0,""pun"":""Elle cumulait deux boulots de cuisinière — son agenda était bien garni, comme ses assiettes.""}]"	17894	gemini_pro_single		Avec ses deux emplois, cette boulangère a vraiment du pain sur la planche.	400.0		discriminator_run2_v4
2667	She memorized just what kind of locket she wanted, by heart.	"[{""source"":""gemini"",""original_id"":""20228"",""pun"":""Un cardiologue qui ne se souvient de rien, c'est grave ? Non, il apprend juste tout par cœur."",""id"":21724},{""source"":""gemini_pro_single"",""original_id"":"""",""pun"":""Elle savait exactement quel pendentif elle voulait, elle le connaissait par cœur."",""id"":76521},{""source"":""claude"",""original_id"":""80285"",""pun"":""Elle connaissait son médaillon par cœur… et par cœur, je veux dire qu'il pendait juste sur le sien."",""id"":98934},{""source"":""gpt_single"",""original_id"":"""",""pun"":""Le médaillon qu’elle voulait, elle le connaissait par cœur : il était en forme de cœur."",""id"":46690}]"	models_then_judges	"{""comedian"":0.0,""pun_expert"":100.0,""editor"":0.0,""translator"":0.0}"	"{""claude"":25.0,""gemini_pro"":25.0,""gpt"":25.0}"	"{""21724"":400.0,""46690"":300.0,""76521"":200.0,""98934"":100.0}"	"[{""id"":21724,""source"":""gemini"",""original_id"":""20228"",""score"":400.0,""pun"":""Un cardiologue qui ne se souvient de rien, c'est grave ? Non, il apprend juste tout par cœur.""},{""id"":46690,""source"":""gpt_single"",""original_id"":"""",""score"":300.0,""pun"":""Le médaillon qu’elle voulait, elle le connaissait par cœur : il était en forme de cœur.""},{""id"":76521,""source"":""gemini_pro_single"",""original_id"":"""",""score"":200.0,""pun"":""Elle savait exactement quel pendentif elle voulait, elle le connaissait par cœur.""},{""id"":98934,""source"":""claude"",""original_id"":""80285"",""score"":100.0,""pun"":""Elle connaissait son médaillon par cœur… et par cœur, je veux dire qu'il pendait juste sur le sien.""}]"	21724	gemini	20228	Un cardiologue qui ne se souvient de rien, c'est grave ? Non, il apprend juste tout par cœur.	400.0		discriminator_run2_v4
2668	She must be wearing mink, he inferred.	"[{""source"":""claude"",""original_id"":""20781"",""pun"":""Tu penses qu'elle portait du vison ? — Oui, je l'ai in-féré… enfin, in-fourrure."",""id"":36302},{""source"":""gemini"",""original_id"":""53791"",""pun"":""En voyant son manteau de lynx, il a analysé qu'elle avait l'œil."",""id"":89312},{""source"":""gemini_pro_single"",""original_id"":"""",""pun"":""Il en a déduit qu'elle portait du vison : une conclusion au poil !"",""id"":83949},{""source"":""gpt_single"",""original_id"":"""",""pun"":""D’un seul coup d’œil, il a eu la bonne vision : elle était en vison."",""id"":77750}]"	models_then_judges	"{""comedian"":0.0,""pun_expert"":100.0,""editor"":0.0,""translator"":0.0}"	"{""claude"":25.0,""gemini_pro"":25.0,""gpt"":25.0}"	"{""83949"":400.0,""36302"":300.0,""77750"":200.0,""89312"":100.0}"	"[{""id"":83949,""source"":""gemini_pro_single"",""original_id"":"""",""score"":400.0,""pun"":""Il en a déduit qu'elle portait du vison : une conclusion au poil !""},{""id"":36302,""source"":""claude"",""original_id"":""20781"",""score"":300.0,""pun"":""Tu penses qu'elle portait du vison ? — Oui, je l'ai in-féré… enfin, in-fourrure.""},{""id"":77750,""source"":""gpt_single"",""original_id"":"""",""score"":200.0,""pun"":""D’un seul coup d’œil, il a eu la bonne vision : elle était en vison.""},{""id"":89312,""source"":""gemini"",""original_id"":""53791"",""score"":100.0,""pun"":""En voyant son manteau de lynx, il a analysé qu'elle avait l'œil.""}]"	83949	gemini_pro_single		Il en a déduit qu'elle portait du vison : une conclusion au poil !	400.0		discriminator_run2_v4
2669	She played baseball and so did he. They hit it off.	"[{""source"":""gpt_single"",""original_id"":"""",""pun"":""Elle à la batte, lui au lancer : au premier « clac », ils se sont entendus."",""id"":64793},{""source"":""gemini_pro_single"",""original_id"":"""",""pun"":""Elle jouait au baseball et lui aussi. Ils se sont tout de suite tapé dans l'œil."",""id"":17989},{""source"":""gemini"",""original_id"":""80923"",""pun"":""Elle était lanceuse, il était batteur. Entre eux, le courant est passé tout de suite : c'était un vrai coup de circuit."",""id"":93797},{""source"":""claude"",""original_id"":""12076"",""pun"":""Elle aimait le baseball, lui aussi. Dès leur première rencontre, ils ont eu le coup de batte… pardon, le coup de foudre."",""id"":34955}]"	models_then_judges	"{""comedian"":0.0,""pun_expert"":100.0,""editor"":0.0,""translator"":0.0}"	"{""claude"":25.0,""gemini_pro"":25.0,""gpt"":25.0}"	"{""17989"":400.0,""34955"":300.0,""93797"":200.0,""64793"":100.0}"	"[{""id"":17989,""source"":""gemini_pro_single"",""original_id"":"""",""score"":400.0,""pun"":""Elle jouait au baseball et lui aussi. Ils se sont tout de suite tapé dans l'œil.""},{""id"":34955,""source"":""claude"",""original_id"":""12076"",""score"":300.0,""pun"":""Elle aimait le baseball, lui aussi. Dès leur première rencontre, ils ont eu le coup de batte… pardon, le coup de foudre.""},{""id"":93797,""source"":""gemini"",""original_id"":""80923"",""score"":200.0,""pun"":""Elle était lanceuse, il était batteur. Entre eux, le courant est passé tout de suite : c'était un vrai coup de circuit.""},{""id"":64793,""source"":""gpt_single"",""original_id"":"""",""score"":100.0,""pun"":""Elle à la batte, lui au lancer : au premier « clac », ils se sont entendus.""}]"	17989	gemini_pro_single		Elle jouait au baseball et lui aussi. Ils se sont tout de suite tapé dans l'œil.	400.0		discriminator_run2_v4
2670	She quit her job as a stenographer as she hated being dictated to.	"[{""source"":""gpt_single"",""original_id"":"""",""pun"":""La sténo a démissionné : elle en avait assez qu’on lui dicte sa conduite."",""id"":56079},{""source"":""claude"",""original_id"":""11008"",""pun"":""La sténographe a posé son carnet : elle savait écrire sous la dictée, mais refusait de vivre sous la dictature."",""id"":40218},{""source"":""gemini"",""original_id"":""59577"",""pun"":""Elle a quitté son poste de secrétaire car elle ne supportait plus qu'on lui dicte sa conduite."",""id"":16641},{""source"":""gemini_pro_single"",""original_id"":"""",""pun"":""Elle a quitté son emploi de sténographe car elle ne supportait plus qu'on lui dicte sa conduite."",""id"":27863}]"	models_then_judges	"{""comedian"":0.0,""pun_expert"":100.0,""editor"":0.0,""translator"":0.0}"	"{""claude"":25.0,""gemini_pro"":25.0,""gpt"":25.0}"	"{""56079"":400.0,""40218"":300.0,""27863"":200.0,""16641"":100.0}"	"[{""id"":56079,""source"":""gpt_single"",""original_id"":"""",""score"":400.0,""pun"":""La sténo a démissionné : elle en avait assez qu’on lui dicte sa conduite.""},{""id"":40218,""source"":""claude"",""original_id"":""11008"",""score"":300.0,""pun"":""La sténographe a posé son carnet : elle savait écrire sous la dictée, mais refusait de vivre sous la dictature.""},{""id"":27863,""source"":""gemini_pro_single"",""original_id"":"""",""score"":200.0,""pun"":""Elle a quitté son emploi de sténographe car elle ne supportait plus qu'on lui dicte sa conduite.""},{""id"":16641,""source"":""gemini"",""original_id"":""59577"",""score"":100.0,""pun"":""Elle a quitté son poste de secrétaire car elle ne supportait plus qu'on lui dicte sa conduite.""}]"	56079	gpt_single		La sténo a démissionné : elle en avait assez qu’on lui dicte sa conduite.	400.0		discriminator_run2_v4
2671	She said she wasn't pregnant but contractions speak louder then words.	"[{""source"":""gpt_single"",""original_id"":"""",""pun"":""Elle disait « j’suis pas enceinte » ; pourtant, ses contractions ont fini par mettre la vérité au monde."",""id"":85564},{""source"":""claude"",""original_id"":""88755"",""pun"":""Mon prof de français dit que les contractions sont douloureuses. Ma femme confirme."",""id"":33602},{""source"":""gemini_pro_single"",""original_id"":"""",""pun"":""La prof de français prétendait ne pas être enceinte, mais ses contractions en disaient plus long que ses mots."",""id"":93320},{""source"":""gemini"",""original_id"":""63646"",""pun"":""Elle était tellement portée sur la grammaire qu'elle a eu des contractions de texte."",""id"":65096}]"	models_then_judges	"{""comedian"":0.0,""pun_expert"":100.0,""editor"":0.0,""translator"":0.0}"	"{""claude"":25.0,""gemini_pro"":25.0,""gpt"":25.0}"	"{""85564"":400.0,""33602"":300.0,""65096"":200.0,""93320"":100.0}"	"[{""id"":85564,""source"":""gpt_single"",""original_id"":"""",""score"":400.0,""pun"":""Elle disait « j’suis pas enceinte » ; pourtant, ses contractions ont fini par mettre la vérité au monde.""},{""id"":33602,""source"":""claude"",""original_id"":""88755"",""score"":300.0,""pun"":""Mon prof de français dit que les contractions sont douloureuses. Ma femme confirme.""},{""id"":65096,""source"":""gemini"",""original_id"":""63646"",""score"":200.0,""pun"":""Elle était tellement portée sur la grammaire qu'elle a eu des contractions de texte.""},{""id"":93320,""source"":""gemini_pro_single"",""original_id"":"""",""score"":100.0,""pun"":""La prof de français prétendait ne pas être enceinte, mais ses contractions en disaient plus long que ses mots.""}]"	85564	gpt_single		Elle disait « j’suis pas enceinte » ; pourtant, ses contractions ont fini par mettre la vérité au monde.	400.0		discriminator_run2_v4
2672	She sent some herbs by parsley post.	"[{""source"":""claude"",""original_id"":""17078"",""pun"":""Elle a envoyé ses herbes par colis persil-onnel."",""id"":79872},{""source"":""gpt_single"",""original_id"":"""",""pun"":""Pour poster son persil, elle a collé un thymbre sur l’enveloppe."",""id"":56690},{""source"":""gemini_pro_single"",""original_id"":"""",""pun"":""Elle a affranchi son paquet d'herbes aromatiques avec un simple thymbre."",""id"":30023},{""source"":""gemini"",""original_id"":""36219"",""pun"":""Quel est l'aromate préféré des facteurs ? Le thym-bre."",""id"":75777}]"	models_then_judges	"{""comedian"":0.0,""pun_expert"":100.0,""editor"":0.0,""translator"":0.0}"	"{""claude"":25.0,""gemini_pro"":25.0,""gpt"":25.0}"	"{""56690"":400.0,""30023"":300.0,""75777"":200.0,""79872"":100.0}"	"[{""id"":56690,""source"":""gpt_single"",""original_id"":"""",""score"":400.0,""pun"":""Pour poster son persil, elle a collé un thymbre sur l’enveloppe.""},{""id"":30023,""source"":""gemini_pro_single"",""original_id"":"""",""score"":300.0,""pun"":""Elle a affranchi son paquet d'herbes aromatiques avec un simple thymbre.""},{""id"":75777,""source"":""gemini"",""original_id"":""36219"",""score"":200.0,""pun"":""Quel est l'aromate préféré des facteurs ? Le thym-bre.""},{""id"":79872,""source"":""claude"",""original_id"":""17078"",""score"":100.0,""pun"":""Elle a envoyé ses herbes par colis persil-onnel.""}]"	56690	gpt_single		Pour poster son persil, elle a collé un thymbre sur l’enveloppe.	400.0		discriminator_run2_v4
2673	She started a new courier business for an express purpose.	"[{""source"":""gpt_single"",""original_id"":"""",""pun"":""Elle a ouvert une boîte de livraison express : un projet fait exprès."",""id"":11282},{""source"":""claude"",""original_id"":""59080"",""pun"":""Elle a monté sa boîte de coursiers exprès — et quand on lui demande pourquoi, elle dit : « Je l'ai fait exprès. »"",""id"":52068},{""source"":""gemini_pro_single"",""original_id"":"""",""pun"":""Elle a monté une boîte de coursiers, et elle l'a fait express."",""id"":88746},{""source"":""gemini"",""original_id"":""87531"",""pun"":""Le coursier qui livre des boussoles n'a jamais perdu le Nord."",""id"":62841}]"	models_then_judges	"{""comedian"":0.0,""pun_expert"":100.0,""editor"":0.0,""translator"":0.0}"	"{""claude"":25.0,""gemini_pro"":25.0,""gpt"":25.0}"	"{""62841"":400.0,""11282"":300.0,""88746"":200.0,""52068"":100.0}"	"[{""id"":62841,""source"":""gemini"",""original_id"":""87531"",""score"":400.0,""pun"":""Le coursier qui livre des boussoles n'a jamais perdu le Nord.""},{""id"":11282,""source"":""gpt_single"",""original_id"":"""",""score"":300.0,""pun"":""Elle a ouvert une boîte de livraison express : un projet fait exprès.""},{""id"":88746,""source"":""gemini_pro_single"",""original_id"":"""",""score"":200.0,""pun"":""Elle a monté une boîte de coursiers, et elle l'a fait express.""},{""id"":52068,""source"":""claude"",""original_id"":""59080"",""score"":100.0,""pun"":""Elle a monté sa boîte de coursiers exprès — et quand on lui demande pourquoi, elle dit : « Je l'ai fait exprès. »""}]"	62841	gemini	87531	Le coursier qui livre des boussoles n'a jamais perdu le Nord.	400.0		discriminator_run2_v4
2674	She swallowed a peach seed and could feel it in the pit of her stomach.	"[{""source"":""gemini_pro_single"",""original_id"":"""",""pun"":""Elle a avalé sa pomme tout entière et depuis, elle sent comme un pépin à l'estomac."",""id"":15987},{""source"":""gpt_single"",""original_id"":"""",""pun"":""Elle a avalé un noyau de pêche : depuis, elle a un vrai pépin au creux de l’estomac."",""id"":20840},{""source"":""claude"",""original_id"":""88563"",""pun"":""Elle a avalé un noyau de pêche. Le médecin a dit : 'Ne vous inquiétez pas, ça va passer.' Elle a répondu : 'Justement, c'est ça le pépin !'"",""id"":99347},{""source"":""gemini"",""original_id"":""55486"",""pun"":""Quand un fruitier est malade, on l'opère car il a un pépin au cœur."",""id"":17186}]"	models_then_judges	"{""comedian"":0.0,""pun_expert"":100.0,""editor"":0.0,""translator"":0.0}"	"{""claude"":25.0,""gemini_pro"":25.0,""gpt"":25.0}"	"{""99347"":400.0,""20840"":300.0,""17186"":200.0,""15987"":100.0}"	"[{""id"":99347,""source"":""claude"",""original_id"":""88563"",""score"":400.0,""pun"":""Elle a avalé un noyau de pêche. Le médecin a dit : 'Ne vous inquiétez pas, ça va passer.' Elle a répondu : 'Justement, c'est ça le pépin !'""},{""id"":20840,""source"":""gpt_single"",""original_id"":"""",""score"":300.0,""pun"":""Elle a avalé un noyau de pêche : depuis, elle a un vrai pépin au creux de l’estomac.""},{""id"":17186,""source"":""gemini"",""original_id"":""55486"",""score"":200.0,""pun"":""Quand un fruitier est malade, on l'opère car il a un pépin au cœur.""},{""id"":15987,""source"":""gemini_pro_single"",""original_id"":"""",""score"":100.0,""pun"":""Elle a avalé sa pomme tout entière et depuis, elle sent comme un pépin à l'estomac.""}]"	99347	claude	88563	Elle a avalé un noyau de pêche. Le médecin a dit : 'Ne vous inquiétez pas, ça va passer.' Elle a répondu : 'Justement, c'est ça le pépin !'	400.0		discriminator_run2_v4
2675	She tends to break the ice very easily because she is exceptionally flirt-TEA.	"[{""source"":""claude"",""original_id"":""58201"",""pun"":""Elle séduit tout le monde avec son thé — elle est vraiment trop co-QUET-te."",""id"":86182},{""source"":""gemini_pro_single"",""original_id"":"""",""pun"":""Elle brise la glace très facilement, car elle déborde de sensuali-thé."",""id"":44965},{""source"":""gemini"",""original_id"":""70501"",""pun"":""Elle est si coquette que son thé préféré est le Beau-Thé."",""id"":54674},{""source"":""gpt_single"",""original_id"":"""",""pun"":""Elle brise la glace en deux gorgées : c’est une vraie allumeuse, toujours prête à flirt-thé."",""id"":45940}]"	models_then_judges	"{""comedian"":0.0,""pun_expert"":100.0,""editor"":0.0,""translator"":0.0}"	"{""claude"":25.0,""gemini_pro"":25.0,""gpt"":25.0}"	"{""44965"":400.0,""45940"":300.0,""54674"":200.0,""86182"":100.0}"	"[{""id"":44965,""source"":""gemini_pro_single"",""original_id"":"""",""score"":400.0,""pun"":""Elle brise la glace très facilement, car elle déborde de sensuali-thé.""},{""id"":45940,""source"":""gpt_single"",""original_id"":"""",""score"":300.0,""pun"":""Elle brise la glace en deux gorgées : c’est une vraie allumeuse, toujours prête à flirt-thé.""},{""id"":54674,""source"":""gemini"",""original_id"":""70501"",""score"":200.0,""pun"":""Elle est si coquette que son thé préféré est le Beau-Thé.""},{""id"":86182,""source"":""claude"",""original_id"":""58201"",""score"":100.0,""pun"":""Elle séduit tout le monde avec son thé — elle est vraiment trop co-QUET-te.""}]"	44965	gemini_pro_single		Elle brise la glace très facilement, car elle déborde de sensuali-thé.	400.0		discriminator_run2_v4
2676	She thought it was a real horse, but it was a phony.	"[{""source"":""gemini"",""original_id"":""31569"",""pun"":""J'ai acheté un canasson qui ment tout le temps : c'est un mito-poney."",""id"":36578},{""source"":""gpt_single"",""original_id"":"""",""pun"":""Elle croyait acheter un pur-sang ; ce n’était qu’un pur semblant."",""id"":75904},{""source"":""gemini_pro_single"",""original_id"":"""",""pun"":""Elle pensait acheter un vrai cheval, mais elle a eu affaire à un faux poneyeur."",""id"":73180},{""source"":""claude"",""original_id"":""55723"",""pun"":""Elle voulait un cheval, on lui a donné un poney. C'est ça, le problème avec les petites annonces : tout est écrit en tout petit !"",""id"":89819}]"	models_then_judges	"{""comedian"":0.0,""pun_expert"":100.0,""editor"":0.0,""translator"":0.0}"	"{""claude"":25.0,""gemini_pro"":25.0,""gpt"":25.0}"	"{""75904"":400.0,""36578"":300.0,""73180"":200.0,""89819"":100.0}"	"[{""id"":75904,""source"":""gpt_single"",""original_id"":"""",""score"":400.0,""pun"":""Elle croyait acheter un pur-sang ; ce n’était qu’un pur semblant.""},{""id"":36578,""source"":""gemini"",""original_id"":""31569"",""score"":300.0,""pun"":""J'ai acheté un canasson qui ment tout le temps : c'est un mito-poney.""},{""id"":73180,""source"":""gemini_pro_single"",""original_id"":"""",""score"":200.0,""pun"":""Elle pensait acheter un vrai cheval, mais elle a eu affaire à un faux poneyeur.""},{""id"":89819,""source"":""claude"",""original_id"":""55723"",""score"":100.0,""pun"":""Elle voulait un cheval, on lui a donné un poney. C'est ça, le problème avec les petites annonces : tout est écrit en tout petit !""}]"	75904	gpt_single		Elle croyait acheter un pur-sang ; ce n’était qu’un pur semblant.	400.0		discriminator_run2_v4
2677	She told a long story about a coil of rope, and then left us all hanging.	"[{""source"":""gpt_single"",""original_id"":"""",""pun"":""Elle nous a déroulé toute une bobine de corde, puis a gardé la chute : on est restés pendus à ses lèvres."",""id"":19262},{""source"":""gemini"",""original_id"":""96952"",""pun"":""L'alpiniste a raconté sa chute interminable, on était tous suspendus à ses lèvres."",""id"":25075},{""source"":""claude"",""original_id"":""43539"",""pun"":""Elle nous a raconté une longue histoire de corde, et à la fin... on était tous pendus à ses lèvres."",""id"":73010},{""source"":""gemini_pro_single"",""original_id"":"""",""pun"":""Elle a commencé une longue histoire sur une bobine de corde, puis nous a tous laissés en suspens."",""id"":82439}]"	models_then_judges	"{""comedian"":0.0,""pun_expert"":100.0,""editor"":0.0,""translator"":0.0}"	"{""claude"":25.0,""gemini_pro"":25.0,""gpt"":25.0}"	"{""19262"":400.0,""25075"":300.0,""73010"":200.0,""82439"":100.0}"	"[{""id"":19262,""source"":""gpt_single"",""original_id"":"""",""score"":400.0,""pun"":""Elle nous a déroulé toute une bobine de corde, puis a gardé la chute : on est restés pendus à ses lèvres.""},{""id"":25075,""source"":""gemini"",""original_id"":""96952"",""score"":300.0,""pun"":""L'alpiniste a raconté sa chute interminable, on était tous suspendus à ses lèvres.""},{""id"":73010,""source"":""claude"",""original_id"":""43539"",""score"":200.0,""pun"":""Elle nous a raconté une longue histoire de corde, et à la fin... on était tous pendus à ses lèvres.""},{""id"":82439,""source"":""gemini_pro_single"",""original_id"":"""",""score"":100.0,""pun"":""Elle a commencé une longue histoire sur une bobine de corde, puis nous a tous laissés en suspens.""}]"	19262	gpt_single		Elle nous a déroulé toute une bobine de corde, puis a gardé la chute : on est restés pendus à ses lèvres.	400.0		discriminator_run2_v4
2678	She told me the drink was non-alcoholic, but where was the proof?	"[{""source"":""gpt_single"",""original_id"":"""",""pun"":""Elle m’a juré que son cocktail était sans alcool ; je lui ai demandé son degré de certitude."",""id"":57339},{""source"":""gemini"",""original_id"":""26122"",""pun"":""Un sommelier qui fait une erreur, c'est un homme qui a des verres de contact."",""id"":16461},{""source"":""claude"",""original_id"":""64749"",""pun"":""On m'a juré que c'était sans alcool. J'en ai cherché la preuve... elle était à 40°."",""id"":95686},{""source"":""gemini_pro_single"",""original_id"":"""",""pun"":""Elle a voulu me prouver que sa boisson était sans alcool, mais ses explications ont fini par me saouler."",""id"":92186}]"	models_then_judges	"{""comedian"":0.0,""pun_expert"":100.0,""editor"":0.0,""translator"":0.0}"	"{""claude"":25.0,""gemini_pro"":25.0,""gpt"":25.0}"	"{""57339"":400.0,""16461"":300.0,""92186"":200.0,""95686"":100.0}"	"[{""id"":57339,""source"":""gpt_single"",""original_id"":"""",""score"":400.0,""pun"":""Elle m’a juré que son cocktail était sans alcool ; je lui ai demandé son degré de certitude.""},{""id"":16461,""source"":""gemini"",""original_id"":""26122"",""score"":300.0,""pun"":""Un sommelier qui fait une erreur, c'est un homme qui a des verres de contact.""},{""id"":92186,""source"":""gemini_pro_single"",""original_id"":"""",""score"":200.0,""pun"":""Elle a voulu me prouver que sa boisson était sans alcool, mais ses explications ont fini par me saouler.""},{""id"":95686,""source"":""claude"",""original_id"":""64749"",""score"":100.0,""pun"":""On m'a juré que c'était sans alcool. J'en ai cherché la preuve... elle était à 40°.""}]"	57339	gpt_single		Elle m’a juré que son cocktail était sans alcool ; je lui ai demandé son degré de certitude.	400.0		discriminator_run2_v4
2679	She told me to tie her up and do whatever I wanted to her... so I took her stereo!	"[{""source"":""gpt_single"",""original_id"":"""",""pun"":""Elle m’a dit : « Attache-moi et fais tout ce que tu veux » ; du coup, je lui ai pris sa chaîne — hi-fi."",""id"":45101},{""source"":""gemini"",""original_id"":""36825"",""pun"":""Elle m'a demandé de 'briser ses chaînes'... j'ai résilié son abonnement Canal+."",""id"":20254},{""source"":""claude"",""original_id"":""48849"",""pun"":""Elle m'a dit de la ficeler et de faire ce que je voulais... alors je l'ai ramenée à la bibliothèque !"",""id"":46270},{""source"":""gemini_pro_single"",""original_id"":"""",""pun"":""Elle m'a dit de l'attacher au lit et de faire tout ce dont j'avais envie... alors j'ai embarqué sa télé !"",""id"":38565}]"	models_then_judges	"{""comedian"":0.0,""pun_expert"":100.0,""editor"":0.0,""translator"":0.0}"	"{""claude"":25.0,""gemini_pro"":25.0,""gpt"":25.0}"	"{""45101"":400.0,""20254"":300.0,""46270"":200.0,""38565"":100.0}"	"[{""id"":45101,""source"":""gpt_single"",""original_id"":"""",""score"":400.0,""pun"":""Elle m’a dit : « Attache-moi et fais tout ce que tu veux » ; du coup, je lui ai pris sa chaîne — hi-fi.""},{""id"":20254,""source"":""gemini"",""original_id"":""36825"",""score"":300.0,""pun"":""Elle m'a demandé de 'briser ses chaînes'... j'ai résilié son abonnement Canal+.""},{""id"":46270,""source"":""claude"",""original_id"":""48849"",""score"":200.0,""pun"":""Elle m'a dit de la ficeler et de faire ce que je voulais... alors je l'ai ramenée à la bibliothèque !""},{""id"":38565,""source"":""gemini_pro_single"",""original_id"":"""",""score"":100.0,""pun"":""Elle m'a dit de l'attacher au lit et de faire tout ce dont j'avais envie... alors j'ai embarqué sa télé !""}]"	45101	gpt_single		Elle m’a dit : « Attache-moi et fais tout ce que tu veux » ; du coup, je lui ai pris sa chaîne — hi-fi.	400.0		discriminator_run2_v4
2680	She wanted the large estate quite badly but, she dared not mansion it to her frugal husband.	"[{""source"":""gpt_single"",""original_id"":"""",""pun"":""Elle voulait une grande maison, mais on n’en parlait surtout pas à son mari radin."",""id"":68012},{""source"":""gemini"",""original_id"":""39213"",""pun"":""Elle voulait vivre dans un château, mais elle n'osait pas en glisser un manoir à son mari."",""id"":43809},{""source"":""gemini_pro_single"",""original_id"":"""",""pun"":""Elle rêvait d'acheter cette immense ferme, mais face à son mari très économe, elle a préféré la fermer."",""id"":63514},{""source"":""claude"",""original_id"":""39044"",""pun"":""Elle voulait le grand domaine mais n'a pas osé le mentionner à son mari avare. Elle a ravalé sa demeure."",""id"":72023}]"	models_then_judges	"{""comedian"":0.0,""pun_expert"":100.0,""editor"":0.0,""translator"":0.0}"	"{""claude"":25.0,""gemini_pro"":25.0,""gpt"":25.0}"	"{""63514"":400.0,""43809"":300.0,""72023"":200.0,""68012"":100.0}"	"[{""id"":63514,""source"":""gemini_pro_single"",""original_id"":"""",""score"":400.0,""pun"":""Elle rêvait d'acheter cette immense ferme, mais face à son mari très économe, elle a préféré la fermer.""},{""id"":43809,""source"":""gemini"",""original_id"":""39213"",""score"":300.0,""pun"":""Elle voulait vivre dans un château, mais elle n'osait pas en glisser un manoir à son mari.""},{""id"":72023,""source"":""claude"",""original_id"":""39044"",""score"":200.0,""pun"":""Elle voulait le grand domaine mais n'a pas osé le mentionner à son mari avare. Elle a ravalé sa demeure.""},{""id"":68012,""source"":""gpt_single"",""original_id"":"""",""score"":100.0,""pun"":""Elle voulait une grande maison, mais on n’en parlait surtout pas à son mari radin.""}]"	63514	gemini_pro_single		Elle rêvait d'acheter cette immense ferme, mais face à son mari très économe, elle a préféré la fermer.	400.0		discriminator_run2_v4
2681	She wanted to be a weaver but there were always too many snags.	"[{""source"":""claude"",""original_id"":""16816"",""pun"":""Elle voulait être tisserande, mais elle n'arrêtait pas de perdre le fil."",""id"":63648},{""source"":""gemini_pro_single"",""original_id"":"""",""pun"":""Elle voulait devenir tisserande, mais il y a eu trop d'accrocs."",""id"":68603},{""source"":""gemini"",""original_id"":""86496"",""pun"":""Quand la tisseuse est fatiguée, elle en a ras le métier."",""id"":67974},{""source"":""gpt_single"",""original_id"":"""",""pun"":""Elle rêvait d’être tisserande, mais elle a lâché l’affaire : trop d’accrocs dans le métier."",""id"":81512}]"	models_then_judges	"{""comedian"":0.0,""pun_expert"":100.0,""editor"":0.0,""translator"":0.0}"	"{""claude"":25.0,""gemini_pro"":25.0,""gpt"":25.0}"	"{""68603"":400.0,""81512"":300.0,""63648"":200.0,""67974"":100.0}"	"[{""id"":68603,""source"":""gemini_pro_single"",""original_id"":"""",""score"":400.0,""pun"":""Elle voulait devenir tisserande, mais il y a eu trop d'accrocs.""},{""id"":81512,""source"":""gpt_single"",""original_id"":"""",""score"":300.0,""pun"":""Elle rêvait d’être tisserande, mais elle a lâché l’affaire : trop d’accrocs dans le métier.""},{""id"":63648,""source"":""claude"",""original_id"":""16816"",""score"":200.0,""pun"":""Elle voulait être tisserande, mais elle n'arrêtait pas de perdre le fil.""},{""id"":67974,""source"":""gemini"",""original_id"":""86496"",""score"":100.0,""pun"":""Quand la tisseuse est fatiguée, elle en a ras le métier.""}]"	68603	gemini_pro_single		Elle voulait devenir tisserande, mais il y a eu trop d'accrocs.	400.0		discriminator_run2_v4
2682	She was listening for a Russell while walking through the trees.	"[{""source"":""claude"",""original_id"":""10973"",""pun"":""Elle cherchait Russell dans la forêt, mais n'a entendu que des feuilles… Apparemment, il bruissait."",""id"":93886},{""source"":""gemini_pro_single"",""original_id"":"""",""pun"":""En se promenant sous les arbres, elle tendait l'oreille au moindre Bruce-ment."",""id"":53811},{""source"":""gemini"",""original_id"":""54066"",""pun"":""Quand un boulanger part en forêt, il cherche toujours le pain sylvestre."",""id"":65013},{""source"":""gpt_single"",""original_id"":"""",""pun"":""Dans les bois, elle tendait l’oreille pour retrouver Russell ; avec les feuilles mouillées, forcément, ça ruisselle."",""id"":10617}]"	models_then_judges	"{""comedian"":0.0,""pun_expert"":100.0,""editor"":0.0,""translator"":0.0}"	"{""claude"":25.0,""gemini_pro"":25.0,""gpt"":25.0}"	"{""53811"":400.0,""10617"":300.0,""65013"":200.0,""93886"":100.0}"	"[{""id"":53811,""source"":""gemini_pro_single"",""original_id"":"""",""score"":400.0,""pun"":""En se promenant sous les arbres, elle tendait l'oreille au moindre Bruce-ment.""},{""id"":10617,""source"":""gpt_single"",""original_id"":"""",""score"":300.0,""pun"":""Dans les bois, elle tendait l’oreille pour retrouver Russell ; avec les feuilles mouillées, forcément, ça ruisselle.""},{""id"":65013,""source"":""gemini"",""original_id"":""54066"",""score"":200.0,""pun"":""Quand un boulanger part en forêt, il cherche toujours le pain sylvestre.""},{""id"":93886,""source"":""claude"",""original_id"":""10973"",""score"":100.0,""pun"":""Elle cherchait Russell dans la forêt, mais n'a entendu que des feuilles… Apparemment, il bruissait.""}]"	53811	gemini_pro_single		En se promenant sous les arbres, elle tendait l'oreille au moindre Bruce-ment.	400.0		discriminator_run2_v4
2683	She was only a Blacksmith's daughter, but she knew how to forge ahead.	"[{""source"":""claude"",""original_id"":""27682"",""pun"":""Elle n'était que la fille du forgeron, mais elle frappait le fer pendant qu'il était chaud — surtout dans les négociations."",""id"":56240},{""source"":""gemini"",""original_id"":""97252"",""pun"":""Elle aimait tellement son mari forgeron qu'elle en a fait son fer de lance."",""id"":84923},{""source"":""gemini_pro_single"",""original_id"":"""",""pun"":""Elle n'était que la fille du forgeron, mais elle a su se forger un avenir."",""id"":95299},{""source"":""gpt_single"",""original_id"":"""",""pun"":""Fille de forgeron, elle n’attendait pas l’avenir : elle se le forgeait."",""id"":81318}]"	models_then_judges	"{""comedian"":0.0,""pun_expert"":100.0,""editor"":0.0,""translator"":0.0}"	"{""claude"":25.0,""gemini_pro"":25.0,""gpt"":25.0}"	"{""95299"":400.0,""81318"":300.0,""56240"":200.0,""84923"":100.0}"	"[{""id"":95299,""source"":""gemini_pro_single"",""original_id"":"""",""score"":400.0,""pun"":""Elle n'était que la fille du forgeron, mais elle a su se forger un avenir.""},{""id"":81318,""source"":""gpt_single"",""original_id"":"""",""score"":300.0,""pun"":""Fille de forgeron, elle n’attendait pas l’avenir : elle se le forgeait.""},{""id"":56240,""source"":""claude"",""original_id"":""27682"",""score"":200.0,""pun"":""Elle n'était que la fille du forgeron, mais elle frappait le fer pendant qu'il était chaud — surtout dans les négociations.""},{""id"":84923,""source"":""gemini"",""original_id"":""97252"",""score"":100.0,""pun"":""Elle aimait tellement son mari forgeron qu'elle en a fait son fer de lance.""}]"	95299	gemini_pro_single		Elle n'était que la fille du forgeron, mais elle a su se forger un avenir.	400.0		discriminator_run2_v4
2684	She was only a Bookbinder's daughter, but she knew her way between the sheets.	"[{""source"":""claude"",""original_id"":""43724"",""pun"":""Elle était fille d'un relieur, mais elle connaissait bien l'art de se glisser entre les feuilles."",""id"":91185},{""source"":""gemini_pro_single"",""original_id"":"""",""pun"":""Ce n'était que la fille du relieur, mais elle savait y faire sous la couverture."",""id"":43883},{""source"":""gemini"",""original_id"":""68749"",""pun"":""La fille du romancier aimait tellement les livres qu'elle dormait toujours sur ses deux tomes."",""id"":42421},{""source"":""gpt_single"",""original_id"":"""",""pun"":""Fille de relieur, entre les feuilles, elle savait toujours comment remettre la couverture."",""id"":49009}]"	models_then_judges	"{""comedian"":0.0,""pun_expert"":100.0,""editor"":0.0,""translator"":0.0}"	"{""claude"":25.0,""gemini_pro"":25.0,""gpt"":25.0}"	"{""43883"":400.0,""49009"":300.0,""91185"":200.0,""42421"":100.0}"	"[{""id"":43883,""source"":""gemini_pro_single"",""original_id"":"""",""score"":400.0,""pun"":""Ce n'était que la fille du relieur, mais elle savait y faire sous la couverture.""},{""id"":49009,""source"":""gpt_single"",""original_id"":"""",""score"":300.0,""pun"":""Fille de relieur, entre les feuilles, elle savait toujours comment remettre la couverture.""},{""id"":91185,""source"":""claude"",""original_id"":""43724"",""score"":200.0,""pun"":""Elle était fille d'un relieur, mais elle connaissait bien l'art de se glisser entre les feuilles.""},{""id"":42421,""source"":""gemini"",""original_id"":""68749"",""score"":100.0,""pun"":""La fille du romancier aimait tellement les livres qu'elle dormait toujours sur ses deux tomes.""}]"	43883	gemini_pro_single		Ce n'était que la fille du relieur, mais elle savait y faire sous la couverture.	400.0		discriminator_run2_v4
2685	She was only a Bootleggers daughter, but I loved her still.	"[{""source"":""gpt_single"",""original_id"":"""",""pun"":""C’était la fille d’un bouilleur de cru ; je l’aimais quand même, d’un amour forcément alambiqué."",""id"":68939},{""source"":""gemini"",""original_id"":""82890"",""pun"":""Elle est la fille d'un distillateur, mais elle est restée très alambiquée."",""id"":95840},{""source"":""gemini_pro_single"",""original_id"":"""",""pun"":""Elle n'était que la fille du bouilleur de cru, mais j'aimais son esprit alambiqué."",""id"":20348},{""source"":""claude"",""original_id"":""55486"",""pun"":""Mon amour pour elle ne s'est jamais évaporé — contrairement à sa gnole."",""id"":15517}]"	models_then_judges	"{""comedian"":0.0,""pun_expert"":100.0,""editor"":0.0,""translator"":0.0}"	"{""claude"":25.0,""gemini_pro"":25.0,""gpt"":25.0}"	"{""68939"":400.0,""20348"":300.0,""95840"":200.0,""15517"":100.0}"	"[{""id"":68939,""source"":""gpt_single"",""original_id"":"""",""score"":400.0,""pun"":""C’était la fille d’un bouilleur de cru ; je l’aimais quand même, d’un amour forcément alambiqué.""},{""id"":20348,""source"":""gemini_pro_single"",""original_id"":"""",""score"":300.0,""pun"":""Elle n'était que la fille du bouilleur de cru, mais j'aimais son esprit alambiqué.""},{""id"":95840,""source"":""gemini"",""original_id"":""82890"",""score"":200.0,""pun"":""Elle est la fille d'un distillateur, mais elle est restée très alambiquée.""},{""id"":15517,""source"":""claude"",""original_id"":""55486"",""score"":100.0,""pun"":""Mon amour pour elle ne s'est jamais évaporé — contrairement à sa gnole.""}]"	68939	gpt_single		C’était la fille d’un bouilleur de cru ; je l’aimais quand même, d’un amour forcément alambiqué.	400.0		discriminator_run2_v4
2686	She was only a Bricklayer's daughter, but she was certainly stacked.	"[{""source"":""gpt_single"",""original_id"":"""",""pun"":""Fille de maçon, elle était vraiment bien bâtie."",""id"":89431},{""source"":""gemini"",""original_id"":""58903"",""pun"":""Fille de cimentier, elle était vraiment béton."",""id"":30360},{""source"":""gemini_pro_single"",""original_id"":"""",""pun"":""Ce n'était peut-être que la fille du maçon, mais elle était sacrément bien bâtie."",""id"":62836},{""source"":""claude"",""original_id"":""73541"",""pun"":""Elle était fille de maçon, mais elle était bien bâtie."",""id"":84823}]"	models_then_judges	"{""comedian"":0.0,""pun_expert"":100.0,""editor"":0.0,""translator"":0.0}"	"{""claude"":25.0,""gemini_pro"":25.0,""gpt"":25.0}"	"{""89431"":400.0,""62836"":300.0,""30360"":200.0,""84823"":100.0}"	"[{""id"":89431,""source"":""gpt_single"",""original_id"":"""",""score"":400.0,""pun"":""Fille de maçon, elle était vraiment bien bâtie.""},{""id"":62836,""source"":""gemini_pro_single"",""original_id"":"""",""score"":300.0,""pun"":""Ce n'était peut-être que la fille du maçon, mais elle était sacrément bien bâtie.""},{""id"":30360,""source"":""gemini"",""original_id"":""58903"",""score"":200.0,""pun"":""Fille de cimentier, elle était vraiment béton.""},{""id"":84823,""source"":""claude"",""original_id"":""73541"",""score"":100.0,""pun"":""Elle était fille de maçon, mais elle était bien bâtie.""}]"	89431	gpt_single		Fille de maçon, elle était vraiment bien bâtie.	400.0		discriminator_run2_v4
2687	She was only a Butcher's daughter, but there wasn't much more she could loin.	"[{""source"":""gemini_pro_single"",""original_id"":"""",""pun"":""Elle n'était que la fille du boucher, mais elle n'avait plus grand-chose à bûcher."",""id"":11378},{""source"":""gpt_single"",""original_id"":"""",""pun"":""Fille de boucher, elle n’a pas fait de longues études : elle n’est jamais allée plus loin que le faux-filet."",""id"":25198},{""source"":""claude"",""original_id"":""71257"",""pun"":""Le boucher voulait que sa fille soit instruite, mais elle préférait rester dans le filet."",""id"":98913},{""source"":""gemini"",""original_id"":""78189"",""pun"":""La fille du boucher est très cultivée : elle connaît ses classiques sur le bout des gras."",""id"":10093}]"	models_then_judges	"{""comedian"":0.0,""pun_expert"":100.0,""editor"":0.0,""translator"":0.0}"	"{""claude"":25.0,""gemini_pro"":25.0,""gpt"":25.0}"	"{""11378"":400.0,""10093"":300.0,""25198"":200.0,""98913"":100.0}"	"[{""id"":11378,""source"":""gemini_pro_single"",""original_id"":"""",""score"":400.0,""pun"":""Elle n'était que la fille du boucher, mais elle n'avait plus grand-chose à bûcher.""},{""id"":10093,""source"":""gemini"",""original_id"":""78189"",""score"":300.0,""pun"":""La fille du boucher est très cultivée : elle connaît ses classiques sur le bout des gras.""},{""id"":25198,""source"":""gpt_single"",""original_id"":"""",""score"":200.0,""pun"":""Fille de boucher, elle n’a pas fait de longues études : elle n’est jamais allée plus loin que le faux-filet.""},{""id"":98913,""source"":""claude"",""original_id"":""71257"",""score"":100.0,""pun"":""Le boucher voulait que sa fille soit instruite, mais elle préférait rester dans le filet.""}]"	11378	gemini_pro_single		Elle n'était que la fille du boucher, mais elle n'avait plus grand-chose à bûcher.	400.0		discriminator_run2_v4
2688	She was only a Carpenter's daughter, but she knows every vise.	"[{""source"":""claude"",""original_id"":""65771"",""pun"":""Fille de menuisier, elle n'avait aucun vice caché — ils étaient tous bien vissés."",""id"":66090},{""source"":""gemini_pro_single"",""original_id"":"""",""pun"":""Elle n'est que la fille du menuisier, mais elle a beaucoup de vice."",""id"":23464},{""source"":""gpt_single"",""original_id"":"""",""pun"":""Fille de menuisier, elle connaît toutes les vis, même les vices cachés."",""id"":42502},{""source"":""gemini"",""original_id"":""39463"",""pun"":""C'est l'histoire d'un menuisier qui a beaucoup de vices, mais il finit toujours par serrer la vis."",""id"":99742}]"	models_then_judges	"{""comedian"":0.0,""pun_expert"":100.0,""editor"":0.0,""translator"":0.0}"	"{""claude"":25.0,""gemini_pro"":25.0,""gpt"":25.0}"	"{""66090"":400.0,""42502"":300.0,""99742"":200.0,""23464"":100.0}"	"[{""id"":66090,""source"":""claude"",""original_id"":""65771"",""score"":400.0,""pun"":""Fille de menuisier, elle n'avait aucun vice caché — ils étaient tous bien vissés.""},{""id"":42502,""source"":""gpt_single"",""original_id"":"""",""score"":300.0,""pun"":""Fille de menuisier, elle connaît toutes les vis, même les vices cachés.""},{""id"":99742,""source"":""gemini"",""original_id"":""39463"",""score"":200.0,""pun"":""C'est l'histoire d'un menuisier qui a beaucoup de vices, mais il finit toujours par serrer la vis.""},{""id"":23464,""source"":""gemini_pro_single"",""original_id"":"""",""score"":100.0,""pun"":""Elle n'est que la fille du menuisier, mais elle a beaucoup de vice.""}]"	66090	claude	65771	Fille de menuisier, elle n'avait aucun vice caché — ils étaient tous bien vissés.	400.0		discriminator_run2_v4
2689	She was only a Catcher's daughter, but she had many balls bounce off her chin.	"[{""source"":""claude"",""original_id"":""60925"",""pun"":""Le receveur de baseball a dit : 'Je prends tout ce qu'on me lance.' Son ex a répondu : 'Je sais, c'est pour ça qu'on a divorcé.'"",""id"":19274},{""source"":""gemini"",""original_id"":""75465"",""pun"":""Elle était la fille du boulanger, elle aimait trop se faire pétrir les miquettes."",""id"":18302},{""source"":""gemini_pro_single"",""original_id"":"""",""pun"":""Elle n'était que la fille du receveur de baseball, mais elle s'est pris un bon paquet de balles sur le menton."",""id"":64816},{""source"":""gpt_single"",""original_id"":"""",""pun"":""Fille de receveur, elle savait encaisser : les balles, même les plus basses, lui rebondissaient sur le menton."",""id"":15085}]"	models_then_judges	"{""comedian"":0.0,""pun_expert"":100.0,""editor"":0.0,""translator"":0.0}"	"{""claude"":25.0,""gemini_pro"":25.0,""gpt"":25.0}"	"{""18302"":400.0,""15085"":300.0,""19274"":200.0,""64816"":100.0}"	"[{""id"":18302,""source"":""gemini"",""original_id"":""75465"",""score"":400.0,""pun"":""Elle était la fille du boulanger, elle aimait trop se faire pétrir les miquettes.""},{""id"":15085,""source"":""gpt_single"",""original_id"":"""",""score"":300.0,""pun"":""Fille de receveur, elle savait encaisser : les balles, même les plus basses, lui rebondissaient sur le menton.""},{""id"":19274,""source"":""claude"",""original_id"":""60925"",""score"":200.0,""pun"":""Le receveur de baseball a dit : 'Je prends tout ce qu'on me lance.' Son ex a répondu : 'Je sais, c'est pour ça qu'on a divorcé.'""},{""id"":64816,""source"":""gemini_pro_single"",""original_id"":"""",""score"":100.0,""pun"":""Elle n'était que la fille du receveur de baseball, mais elle s'est pris un bon paquet de balles sur le menton.""}]"	18302	gemini	75465	Elle était la fille du boulanger, elle aimait trop se faire pétrir les miquettes.	400.0		discriminator_run2_v4
2690	She was only a Cattleman's daughter, but she couldn't keep her calves together.	"[{""source"":""gemini_pro_single"",""original_id"":"""",""pun"":""Elle n'était que la fille du volailler, mais elle avait la cuisse légère."",""id"":63148},{""source"":""gpt_single"",""original_id"":"""",""pun"":""Fille d’éleveur, elle savait tenir ses veaux, mais pas ses mollets serrés."",""id"":62615},{""source"":""claude"",""original_id"":""46461"",""pun"":""Elle était fille de fermier, mais ses veaux ne tenaient pas en place — ni ceux de l'étable ni ceux des jambes."",""id"":89175},{""source"":""gemini"",""original_id"":""54554"",""pun"":""Une fille de fermier ne peut pas porter de mini-jupe, car on verrait tout de suite ses bas-veaux."",""id"":89315}]"	models_then_judges	"{""comedian"":0.0,""pun_expert"":100.0,""editor"":0.0,""translator"":0.0}"	"{""claude"":25.0,""gemini_pro"":25.0,""gpt"":25.0}"	"{""89315"":400.0,""63148"":300.0,""62615"":200.0,""89175"":100.0}"	"[{""id"":89315,""source"":""gemini"",""original_id"":""54554"",""score"":400.0,""pun"":""Une fille de fermier ne peut pas porter de mini-jupe, car on verrait tout de suite ses bas-veaux.""},{""id"":63148,""source"":""gemini_pro_single"",""original_id"":"""",""score"":300.0,""pun"":""Elle n'était que la fille du volailler, mais elle avait la cuisse légère.""},{""id"":62615,""source"":""gpt_single"",""original_id"":"""",""score"":200.0,""pun"":""Fille d’éleveur, elle savait tenir ses veaux, mais pas ses mollets serrés.""},{""id"":89175,""source"":""claude"",""original_id"":""46461"",""score"":100.0,""pun"":""Elle était fille de fermier, mais ses veaux ne tenaient pas en place — ni ceux de l'étable ni ceux des jambes.""}]"	89315	gemini	54554	Une fille de fermier ne peut pas porter de mini-jupe, car on verrait tout de suite ses bas-veaux.	400.0		discriminator_run2_v4
2691	She was only a Coal dealer's daughter, but, oh, where she had bin.	"[{""source"":""gpt_single"",""original_id"":"""",""pun"":""Ce n’était que la fille du marchand de charbon, mais elle en avait vu, des bennes !"",""id"":48118},{""source"":""gemini_pro_single"",""original_id"":"""",""pun"":""Ce n'était que la fille du charbonnier, mais c'était une sacrée allumeuse."",""id"":17377},{""source"":""gemini"",""original_id"":""84656"",""pun"":""Elle était la fille d'un boulanger, elle s'est toujours fait rouler dans la farine."",""id"":23549},{""source"":""claude"",""original_id"":""39213"",""pun"":""Elle était fille d'un marchand de charbon, mais oh, là où elle avait été !"",""id"":87330}]"	models_then_judges	"{""comedian"":0.0,""pun_expert"":100.0,""editor"":0.0,""translator"":0.0}"	"{""claude"":25.0,""gemini_pro"":25.0,""gpt"":25.0}"	"{""17377"":400.0,""48118"":300.0,""23549"":200.0,""87330"":100.0}"	"[{""id"":17377,""source"":""gemini_pro_single"",""original_id"":"""",""score"":400.0,""pun"":""Ce n'était que la fille du charbonnier, mais c'était une sacrée allumeuse.""},{""id"":48118,""source"":""gpt_single"",""original_id"":"""",""score"":300.0,""pun"":""Ce n’était que la fille du marchand de charbon, mais elle en avait vu, des bennes !""},{""id"":23549,""source"":""gemini"",""original_id"":""84656"",""score"":200.0,""pun"":""Elle était la fille d'un boulanger, elle s'est toujours fait rouler dans la farine.""},{""id"":87330,""source"":""claude"",""original_id"":""39213"",""score"":100.0,""pun"":""Elle était fille d'un marchand de charbon, mais oh, là où elle avait été !""}]"	17377	gemini_pro_single		Ce n'était que la fille du charbonnier, mais c'était une sacrée allumeuse.	400.0		discriminator_run2_v4
2692	She was only a Colonel's Daughter, but she was great to the navy and rotten to the corps.	"[{""source"":""gemini"",""original_id"":""11929"",""pun"":""L'adjudant est très porté sur la boisson : il ne quitte jamais son litre de combat."",""id"":35442},{""source"":""gemini_pro_single"",""original_id"":"""",""pun"":""Elle n'était que la fille du colonel : d'une immense bonté avec la marine, elle se montrait en revanche complètement sans corps avec l'armée de terre."",""id"":38609},{""source"":""claude"",""original_id"":""75140"",""pun"":""Il s'est engagé corps et âme dans l'armée — surtout le corps."",""id"":77759},{""source"":""gpt_single"",""original_id"":"""",""pun"":""Fille de colonel, elle était aux petits soins pour la Marine, mais pourrie jusqu’au corps d’armée."",""id"":99463}]"	models_then_judges	"{""comedian"":0.0,""pun_expert"":100.0,""editor"":0.0,""translator"":0.0}"	"{""claude"":25.0,""gemini_pro"":25.0,""gpt"":25.0}"	"{""77759"":400.0,""99463"":300.0,""35442"":200.0,""38609"":100.0}"	"[{""id"":77759,""source"":""claude"",""original_id"":""75140"",""score"":400.0,""pun"":""Il s'est engagé corps et âme dans l'armée — surtout le corps.""},{""id"":99463,""source"":""gpt_single"",""original_id"":"""",""score"":300.0,""pun"":""Fille de colonel, elle était aux petits soins pour la Marine, mais pourrie jusqu’au corps d’armée.""},{""id"":35442,""source"":""gemini"",""original_id"":""11929"",""score"":200.0,""pun"":""L'adjudant est très porté sur la boisson : il ne quitte jamais son litre de combat.""},{""id"":38609,""source"":""gemini_pro_single"",""original_id"":"""",""score"":100.0,""pun"":""Elle n'était que la fille du colonel : d'une immense bonté avec la marine, elle se montrait en revanche complètement sans corps avec l'armée de terre.""}]"	77759	claude	75140	Il s'est engagé corps et âme dans l'armée — surtout le corps.	400.0		discriminator_run2_v4
2693	She was only a Columnist's daughter, but she's always chasing wild roomers.	"[{""source"":""claude"",""original_id"":""55892"",""pun"":""Elle ne cherchait pas des rumeurs, elle cherchait des locataires — mais au fond, c'est pareil : ils partent toujours sans payer."",""id"":25549},{""source"":""gemini"",""original_id"":""70125"",""pun"":""C'était la fille d'un grand fromager : chaque soir, elle se faisait un petit comté de fées."",""id"":37644},{""source"":""gpt_single"",""original_id"":"""",""pun"":""Fille de chroniqueur, elle est commère comme père : elle court après les rumeurs."",""id"":94126},{""source"":""gemini_pro_single"",""original_id"":"""",""pun"":""Elle n'était que la fille de l'hôtelier, mais elle était toujours à l'affût des bruits de couloir."",""id"":26414}]"	models_then_judges	"{""comedian"":0.0,""pun_expert"":100.0,""editor"":0.0,""translator"":0.0}"	"{""claude"":25.0,""gemini_pro"":25.0,""gpt"":25.0}"	"{""94126"":400.0,""37644"":300.0,""26414"":200.0,""25549"":100.0}"	"[{""id"":94126,""source"":""gpt_single"",""original_id"":"""",""score"":400.0,""pun"":""Fille de chroniqueur, elle est commère comme père : elle court après les rumeurs.""},{""id"":37644,""source"":""gemini"",""original_id"":""70125"",""score"":300.0,""pun"":""C'était la fille d'un grand fromager : chaque soir, elle se faisait un petit comté de fées.""},{""id"":26414,""source"":""gemini_pro_single"",""original_id"":"""",""score"":200.0,""pun"":""Elle n'était que la fille de l'hôtelier, mais elle était toujours à l'affût des bruits de couloir.""},{""id"":25549,""source"":""claude"",""original_id"":""55892"",""score"":100.0,""pun"":""Elle ne cherchait pas des rumeurs, elle cherchait des locataires — mais au fond, c'est pareil : ils partent toujours sans payer.""}]"	94126	gpt_single		Fille de chroniqueur, elle est commère comme père : elle court après les rumeurs.	400.0		discriminator_run2_v4
2694	She was only a Computer Programmer's daughter, but she sure liked to byte.	"[{""source"":""gemini"",""original_id"":""95184"",""pun"":""Fille d'informaticien : elle n'a pas besoin de couverts pour manger ses cookies."",""id"":13381},{""source"":""gemini_pro_single"",""original_id"":"""",""pun"":""Elle n'était qu'une fille d'informaticien, mais elle adorait croquer les cookies."",""id"":78343},{""source"":""gpt_single"",""original_id"":"""",""pun"":""Fille d’informaticien, elle croquait la vie à pleins octets."",""id"":10104},{""source"":""claude"",""original_id"":""21630"",""pun"":""Le vampire est devenu informaticien : il préfère mordre des octets plutôt que des artères."",""id"":79612}]"	models_then_judges	"{""comedian"":0.0,""pun_expert"":100.0,""editor"":0.0,""translator"":0.0}"	"{""claude"":25.0,""gemini_pro"":25.0,""gpt"":25.0}"	"{""10104"":400.0,""78343"":300.0,""13381"":200.0,""79612"":100.0}"	"[{""id"":10104,""source"":""gpt_single"",""original_id"":"""",""score"":400.0,""pun"":""Fille d’informaticien, elle croquait la vie à pleins octets.""},{""id"":78343,""source"":""gemini_pro_single"",""original_id"":"""",""score"":300.0,""pun"":""Elle n'était qu'une fille d'informaticien, mais elle adorait croquer les cookies.""},{""id"":13381,""source"":""gemini"",""original_id"":""95184"",""score"":200.0,""pun"":""Fille d'informaticien : elle n'a pas besoin de couverts pour manger ses cookies.""},{""id"":79612,""source"":""claude"",""original_id"":""21630"",""score"":100.0,""pun"":""Le vampire est devenu informaticien : il préfère mordre des octets plutôt que des artères.""}]"	10104	gpt_single		Fille d’informaticien, elle croquait la vie à pleins octets.	400.0		discriminator_run2_v4
2695	She was only a Conductor's daughter, but she told you where to get off.	"[{""source"":""claude"",""original_id"":""49311"",""pun"":""Elle était seulement la fille du chef d'orchestre, mais elle savait toujours vous dire où descendre."",""id"":19357},{""source"":""gemini"",""original_id"":""65433"",""pun"":""C'était la fille d'un contrôleur, elle ne supportait pas qu'on ait un ticket avec une autre."",""id"":35974},{""source"":""gemini_pro_single"",""original_id"":"""",""pun"":""Elle n'était que la fille du contrôleur, mais elle savait parfaitement vous descendre."",""id"":41688},{""source"":""gpt_single"",""original_id"":"""",""pun"":""Fille de contrôleur, elle savait toujours à quel arrêt te faire descendre — et comment te descendre en deux mots."",""id"":79921}]"	models_then_judges	"{""comedian"":0.0,""pun_expert"":100.0,""editor"":0.0,""translator"":0.0}"	"{""claude"":25.0,""gemini_pro"":25.0,""gpt"":25.0}"	"{""35974"":400.0,""41688"":300.0,""79921"":200.0,""19357"":100.0}"	"[{""id"":35974,""source"":""gemini"",""original_id"":""65433"",""score"":400.0,""pun"":""C'était la fille d'un contrôleur, elle ne supportait pas qu'on ait un ticket avec une autre.""},{""id"":41688,""source"":""gemini_pro_single"",""original_id"":"""",""score"":300.0,""pun"":""Elle n'était que la fille du contrôleur, mais elle savait parfaitement vous descendre.""},{""id"":79921,""source"":""gpt_single"",""original_id"":"""",""score"":200.0,""pun"":""Fille de contrôleur, elle savait toujours à quel arrêt te faire descendre — et comment te descendre en deux mots.""},{""id"":19357,""source"":""claude"",""original_id"":""49311"",""score"":100.0,""pun"":""Elle était seulement la fille du chef d'orchestre, mais elle savait toujours vous dire où descendre.""}]"	35974	gemini	65433	C'était la fille d'un contrôleur, elle ne supportait pas qu'on ait un ticket avec une autre.	400.0		discriminator_run2_v4
2696	She was only a Convict's daughter, but she sure knew all of the bars.	"[{""source"":""claude"",""original_id"":""47925"",""pun"":""Fille de prisonnier, elle savait qu'entre les murs et les mûres, il n'y a qu'un accent... et beaucoup de rosé."",""id"":26046},{""source"":""gemini_pro_single"",""original_id"":"""",""pun"":""Elle n'était que fille de taulard, mais elle connaissait toutes les cellules... de dégrisement."",""id"":98725},{""source"":""gpt_single"",""original_id"":"""",""pun"":""Fille de taulard, elle connaissait tous les bars… surtout ceux avec des barreaux."",""id"":42757},{""source"":""gemini"",""original_id"":""41363"",""pun"":""Elle connaissait tous les bars du quartier, surtout ceux qui avaient des barreaux aux fenêtres."",""id"":65373}]"	models_then_judges	"{""comedian"":0.0,""pun_expert"":100.0,""editor"":0.0,""translator"":0.0}"	"{""claude"":25.0,""gemini_pro"":25.0,""gpt"":25.0}"	"{""42757"":400.0,""98725"":300.0,""26046"":200.0,""65373"":100.0}"	"[{""id"":42757,""source"":""gpt_single"",""original_id"":"""",""score"":400.0,""pun"":""Fille de taulard, elle connaissait tous les bars… surtout ceux avec des barreaux.""},{""id"":98725,""source"":""gemini_pro_single"",""original_id"":"""",""score"":300.0,""pun"":""Elle n'était que fille de taulard, mais elle connaissait toutes les cellules... de dégrisement.""},{""id"":26046,""source"":""claude"",""original_id"":""47925"",""score"":200.0,""pun"":""Fille de prisonnier, elle savait qu'entre les murs et les mûres, il n'y a qu'un accent... et beaucoup de rosé.""},{""id"":65373,""source"":""gemini"",""original_id"":""41363"",""score"":100.0,""pun"":""Elle connaissait tous les bars du quartier, surtout ceux qui avaient des barreaux aux fenêtres.""}]"	42757	gpt_single		Fille de taulard, elle connaissait tous les bars… surtout ceux avec des barreaux.	400.0		discriminator_run2_v4
2697	She was only a Cyclist's daughter, but she peddled it all over town.	"[{""source"":""gemini"",""original_id"":""35771"",""pun"":""C'est l'histoire d'un cycliste qui a perdu la tête : il a complètement perdu les pédales."",""id"":46269},{""source"":""claude"",""original_id"":""42197"",""pun"":""La fille du cycliste ne colportait pas les ragots, elle les pédalait jusqu'au bout du village."",""id"":78051},{""source"":""gpt_single"",""original_id"":"""",""pun"":""Fille de cycliste, elle colportait les ragots en ville : normal, elle savait les faire tourner dans tous les rayons."",""id"":13834},{""source"":""gemini_pro_single"",""original_id"":"""",""pun"":""Elle n'était que la fille du cycliste, mais le commerce ambulant en ville, c'était tout à fait son rayon."",""id"":91037}]"	models_then_judges	"{""comedian"":0.0,""pun_expert"":100.0,""editor"":0.0,""translator"":0.0}"	"{""claude"":25.0,""gemini_pro"":25.0,""gpt"":25.0}"	"{""13834"":400.0,""91037"":300.0,""46269"":200.0,""78051"":100.0}"	"[{""id"":13834,""source"":""gpt_single"",""original_id"":"""",""score"":400.0,""pun"":""Fille de cycliste, elle colportait les ragots en ville : normal, elle savait les faire tourner dans tous les rayons.""},{""id"":91037,""source"":""gemini_pro_single"",""original_id"":"""",""score"":300.0,""pun"":""Elle n'était que la fille du cycliste, mais le commerce ambulant en ville, c'était tout à fait son rayon.""},{""id"":46269,""source"":""gemini"",""original_id"":""35771"",""score"":200.0,""pun"":""C'est l'histoire d'un cycliste qui a perdu la tête : il a complètement perdu les pédales.""},{""id"":78051,""source"":""claude"",""original_id"":""42197"",""score"":100.0,""pun"":""La fille du cycliste ne colportait pas les ragots, elle les pédalait jusqu'au bout du village.""}]"	13834	gpt_single		Fille de cycliste, elle colportait les ragots en ville : normal, elle savait les faire tourner dans tous les rayons.	400.0		discriminator_run2_v4
2698	She was only a Dairyman's daughter, but what a calf	"[{""source"":""claude"",""original_id"":""75482"",""pun"":""Le fils de l'éleveur s'est mis au cyclisme. Maintenant il a de vrais veaux — dans les deux sens du terme."",""id"":15750},{""source"":""gemini"",""original_id"":""90817"",""pun"":""Pourquoi les vaches ferment-elles les yeux pendant la traite ? Pour faire du lait concentré."",""id"":14890},{""source"":""gpt_single"",""original_id"":"""",""pun"":""Fille de laitier, elle n’avait pas un veau : elle avait surtout un sacré mollet."",""id"":56175},{""source"":""gemini_pro_single"",""original_id"":"""",""pun"":""Elle n'était que fille d'agriculteur, mais quel corps de ferme !"",""id"":39604}]"	models_then_judges	"{""comedian"":0.0,""pun_expert"":100.0,""editor"":0.0,""translator"":0.0}"	"{""claude"":25.0,""gemini_pro"":25.0,""gpt"":25.0}"	"{""39604"":400.0,""14890"":300.0,""56175"":200.0,""15750"":100.0}"	"[{""id"":39604,""source"":""gemini_pro_single"",""original_id"":"""",""score"":400.0,""pun"":""Elle n'était que fille d'agriculteur, mais quel corps de ferme !""},{""id"":14890,""source"":""gemini"",""original_id"":""90817"",""score"":300.0,""pun"":""Pourquoi les vaches ferment-elles les yeux pendant la traite ? Pour faire du lait concentré.""},{""id"":56175,""source"":""gpt_single"",""original_id"":"""",""score"":200.0,""pun"":""Fille de laitier, elle n’avait pas un veau : elle avait surtout un sacré mollet.""},{""id"":15750,""source"":""claude"",""original_id"":""75482"",""score"":100.0,""pun"":""Le fils de l'éleveur s'est mis au cyclisme. Maintenant il a de vrais veaux — dans les deux sens du terme.""}]"	39604	gemini_pro_single		Elle n'était que fille d'agriculteur, mais quel corps de ferme !	400.0		discriminator_run2_v4
2699	She was only a Dentist's daughter, but everybody wanted to fill her cavity.	"[{""source"":""gemini_pro_single"",""original_id"":"""",""pun"":""Ce n'était que la fille du dentiste, mais tout le monde voulait lui boucher son trou."",""id"":92864},{""source"":""gpt_single"",""original_id"":"""",""pun"":""C’était la fille du dentiste : tous les gars voulaient lui boucher la carie."",""id"":85482},{""source"":""gemini"",""original_id"":""93910"",""pun"":""C'était la fille du dentiste, elle aimait qu'on lui donne un petit coup de plombage."",""id"":48065},{""source"":""claude"",""original_id"":""63239"",""pun"":""Elle était fille de dentiste : elle avait beau soigner son émail, c'est son canal qu'on voulait traiter."",""id"":38471}]"	models_then_judges	"{""comedian"":0.0,""pun_expert"":100.0,""editor"":0.0,""translator"":0.0}"	"{""claude"":25.0,""gemini_pro"":25.0,""gpt"":25.0}"	"{""38471"":400.0,""48065"":300.0,""85482"":200.0,""92864"":100.0}"	"[{""id"":38471,""source"":""claude"",""original_id"":""63239"",""score"":400.0,""pun"":""Elle était fille de dentiste : elle avait beau soigner son émail, c'est son canal qu'on voulait traiter.""},{""id"":48065,""source"":""gemini"",""original_id"":""93910"",""score"":300.0,""pun"":""C'était la fille du dentiste, elle aimait qu'on lui donne un petit coup de plombage.""},{""id"":85482,""source"":""gpt_single"",""original_id"":"""",""score"":200.0,""pun"":""C’était la fille du dentiste : tous les gars voulaient lui boucher la carie.""},{""id"":92864,""source"":""gemini_pro_single"",""original_id"":"""",""score"":100.0,""pun"":""Ce n'était que la fille du dentiste, mais tout le monde voulait lui boucher son trou.""}]"	38471	claude	63239	Elle était fille de dentiste : elle avait beau soigner son émail, c'est son canal qu'on voulait traiter.	400.0		discriminator_run2_v4
2700	She was only a Doctor's daughter, but she really knew how to operate.	"[{""source"":""gemini_pro_single"",""original_id"":"""",""pun"":""Elle n'était que la fille du chirurgien, mais avec les hommes, elle savait exactement comment opérer."",""id"":40695},{""source"":""claude"",""original_id"":""44113"",""pun"":""Elle était fille de chirurgien. Résultat : elle savait parfaitement recoudre les histoires d'amour… et les rouvrir."",""id"":49332},{""source"":""gemini"",""original_id"":""20267"",""pun"":""Fille d'ostéopathe, elle sait comment manipuler les gens."",""id"":62883},{""source"":""gpt_single"",""original_id"":"""",""pun"":""Fille de chirurgien, elle n’avait jamais ouvert personne, mais dès qu’elle souriait, la magie opérait."",""id"":76420}]"	models_then_judges	"{""comedian"":0.0,""pun_expert"":100.0,""editor"":0.0,""translator"":0.0}"	"{""claude"":25.0,""gemini_pro"":25.0,""gpt"":25.0}"	"{""62883"":400.0,""49332"":300.0,""40695"":200.0,""76420"":100.0}"	"[{""id"":62883,""source"":""gemini"",""original_id"":""20267"",""score"":400.0,""pun"":""Fille d'ostéopathe, elle sait comment manipuler les gens.""},{""id"":49332,""source"":""claude"",""original_id"":""44113"",""score"":300.0,""pun"":""Elle était fille de chirurgien. Résultat : elle savait parfaitement recoudre les histoires d'amour… et les rouvrir.""},{""id"":40695,""source"":""gemini_pro_single"",""original_id"":"""",""score"":200.0,""pun"":""Elle n'était que la fille du chirurgien, mais avec les hommes, elle savait exactement comment opérer.""},{""id"":76420,""source"":""gpt_single"",""original_id"":"""",""score"":100.0,""pun"":""Fille de chirurgien, elle n’avait jamais ouvert personne, mais dès qu’elle souriait, la magie opérait.""}]"	62883	gemini	20267	Fille d'ostéopathe, elle sait comment manipuler les gens.	400.0		discriminator_run2_v4
